1762	872	738.0	-1
838	1064	186.0	+1
1650	948	626.0	+1
817	607	207.0	+1
766	594	258.0	+1
299	582	725.0	-1
395	1124	629.0	+1
755	1144	269.0	+1
626	244	398.0	+1
1453	387	429.0	+1
1172	725	148.0	+1
1635	166	611.0	+1
296	1178	728.0	-1
1939	232	915.0	-1
1661	559	637.0	+1
261	1050	763.0	-1
1246	783	222.0	+1
1179	494	155.0	+1
360	579	664.0	+1
1895	999	871.0	-1
1220	579	196.0	+1
1850	258	826.0	-1
55	352	969.0	-1
1657	891	633.0	+1
1672	1120	648.0	+1
1846	626	822.0	-1
684	8	340.0	+1
1105	1030	81.0	+1
1695	596	671.0	+1
193	878	831.0	-1
1582	89	558.0	+1
1876	238	852.0	-1
1245	1212	221.0	+1
1411	682	387.0	+1
660	995	364.0	+1
973	727	51.0	+1
1899	264	875.0	-1
816	244	208.0	+1
1421	1084	397.0	+1
1808	1109	784.0	-1
1514	922	490.0	+1
891	1051	133.0	+1
1272	26	248.0	+1
728	612	296.0	+1
1062	1085	38.0	+1
468	472	556.0	+1
83	537	941.0	-1
795	287	229.0	+1
2001	248	977.0	-1
1084	1053	60.0	+1
926	1095	98.0	+1
1194	671	170.0	+1
1800	218	776.0	-1
1399	721	375.0	+1
599	447	425.0	+1
772	431	252.0	+1
1491	329	467.0	+1
74	18	950.0	-1
2020	529	996.0	-1
71	606	953.0	-1
1954	672	930.0	-1
1270	350	246.0	+1
935	1139	89.0	+1
727	780	297.0	+1
1732	990	708.0	-1
1020	435	4.0	+1
526	598	498.0	+1
324	135	700.0	+1
1814	996	790.0	-1
834	189	190.0	+1
350	630	674.0	+1
1583	253	559.0	+1
688	624	336.0	+1
1293	796	269.0	+1
137	933	887.0	-1
848	99	176.0	+1
1816	193	792.0	-1
712	28	312.0	+1
94	694	930.0	-1
1169	1075	145.0	+1
1906	871	882.0	-1
104	61	920.0	-1
867	985	157.0	+1
506	550	518.0	+1
1167	418	143.0	+1
91	431	933.0	-1
1824	111	800.0	-1
390	153	634.0	+1
1546	610	522.0	+1
807	749	217.0	+1
582	854	442.0	+1
72	838	952.0	-1
149	28	875.0	-1
403	276	621.0	+1
1510	905	486.0	+1
1296	713	272.0	+1
1145	569	121.0	+1
988	371	36.0	+1
1335	291	311.0	+1
1447	905	423.0	+1
1183	257	159.0	+1
1210	1174	186.0	+1
1692	135	668.0	+1
753	401	271.0	+1
494	39	530.0	+1
798	154	226.0	+1
617	838	407.0	+1
1967	896	943.0	-1
157	478	867.0	-1
579	1058	445.0	+1
1964	956	940.0	-1
341	1145	683.0	+1
1284	291	260.0	+1
1137	715	113.0	+1
1384	554	360.0	+1
595	131	429.0	+1
975	1055	49.0	+1
479	846	545.0	+1
1812	315	788.0	-1
360	10	664.0	+1
1508	455	484.0	+1
644	856	380.0	+1
1501	285	477.0	+1
510	442	514.0	+1
801	296	223.0	+1
1831	1009	807.0	-1
1264	972	240.0	+1
1624	868	600.0	+1
8	1061	1016.0	-1
980	155	44.0	+1
1609	598	585.0	+1
1314	940	290.0	+1
455	270	569.0	+1
1017	398	7.0	+1
1767	978	743.0	-1
344	661	680.0	+1
365	390	659.0	+1
1718	239	694.0	+1
1246	430	222.0	+1
1221	768	197.0	+1
765	72	259.0	+1
122	286	902.0	-1
1944	368	920.0	-1
793	389	231.0	+1
1793	669	769.0	-1
1503	1169	479.0	+1
734	269	290.0	+1
1427	1155	403.0	+1
1419	442	395.0	+1
724	1076	300.0	+1
1901	716	877.0	-1
1366	93	342.0	+1
4	124	1020.0	-1
86	570	938.0	-1
180	871	844.0	-1
1283	838	259.0	+1
1023	130	1.0	+1
691	90	333.0	+1
1553	218	529.0	+1
235	601	789.0	-1
1083	705	59.0	+1
509	1076	515.0	+1
1817	935	793.0	-1
3	1097	1021.0	-1
1606	16	582.0	+1
1674	384	650.0	+1
1492	680	468.0	+1
1804	1089	780.0	-1
683	805	341.0	+1
915	278	109.0	+1
1920	1154	896.0	-1
724	470	300.0	+1
887	845	137.0	+1
674	703	350.0	+1
1081	513	57.0	+1
1556	41	532.0	+1
167	962	857.0	-1
853	956	171.0	+1
39	425	985.0	-1
889	889	135.0	+1
1183	259	159.0	+1
1030	238	6.0	+1
1298	428	274.0	+1
1154	197	130.0	+1
772	979	252.0	+1
311	608	713.0	-1
512	765	512.0	+1
607	1031	417.0	+1
842	1119	182.0	+1
843	1059	181.0	+1
1868	217	844.0	-1
1706	156	682.0	+1
1325	56	301.0	+1
957	1070	67.0	+1
195	34	829.0	-1
1721	446	697.0	+1
149	925	875.0	-1
1346	1154	322.0	+1
1239	518	215.0	+1
1434	573	410.0	+1
1000	845	24.0	+1
1153	297	129.0	+1
1902	542	878.0	-1
1552	613	528.0	+1
917	492	107.0	+1
404	471	620.0	+1
218	733	806.0	-1
1985	938	961.0	-1
913	444	111.0	+1
1394	410	370.0	+1
1417	1109	393.0	+1
163	318	861.0	-1
2011	1057	987.0	-1
347	113	677.0	+1
390	306	634.0	+1
1508	894	484.0	+1
911	273	113.0	+1
450	756	574.0	+1
855	46	169.0	+1
1554	96	530.0	+1
1744	630	720.0	-1
437	685	587.0	+1
1228	0	204.0	+1
220	914	804.0	-1
729	193	295.0	+1
1955	980	931.0	-1
1376	320	352.0	+1
2006	359	982.0	-1
201	706	823.0	-1
98	1211	926.0	-1
317	52	707.0	-1
1717	1107	693.0	+1
828	911	196.0	+1
453	482	571.0	+1
386	12	638.0	+1
287	43	737.0	-1
1151	723	127.0	+1
624	360	400.0	+1
1638	947	614.0	+1
1958	884	934.0	-1
833	102	191.0	+1
434	401	590.0	+1
477	47	547.0	+1
1432	470	408.0	+1
1484	493	460.0	+1
1786	806	762.0	-1
476	669	548.0	+1
1407	56	383.0	+1
110	822	914.0	-1
1531	1204	507.0	+1
991	758	33.0	+1
653	1186	371.0	+1
1637	765	613.0	+1
528	817	496.0	+1
90	850	934.0	-1
501	1073	523.0	+1
1454	2	430.0	+1
335	190	689.0	+1
952	432	72.0	+1
18	378	1006.0	-1
1376	859	352.0	+1
1468	41	444.0	+1
1052	478	28.0	+1
636	207	388.0	+1
932	520	92.0	+1
375	825	649.0	+1
1661	805	637.0	+1
418	609	606.0	+1
1096	1177	72.0	+1
313	561	711.0	-1
989	1125	35.0	+1
531	814	493.0	+1
695	679	329.0	+1
1871	1150	847.0	-1
1860	467	836.0	-1
1987	270	963.0	-1
659	389	365.0	+1
102	369	922.0	-1
1960	550	936.0	-1
925	620	99.0	+1
155	314	869.0	-1
683	523	341.0	+1
1412	1185	388.0	+1
1594	33	570.0	+1
563	592	461.0	+1
1905	1085	881.0	-1
715	456	309.0	+1
337	151	687.0	+1
1315	1064	291.0	+1
1873	1060	849.0	-1
1266	203	242.0	+1
1101	473	77.0	+1
531	1112	493.0	+1
208	927	816.0	-1
1090	985	66.0	+1
1978	652	954.0	-1
1052	535	28.0	+1
493	1088	531.0	+1
318	231	706.0	-1
1708	71	684.0	+1
1351	922	327.0	+1
1407	220	383.0	+1
200	1064	824.0	-1
1250	330	226.0	+1
1026	1033	2.0	+1
1575	138	551.0	+1
472	1043	552.0	+1
1145	768	121.0	+1
1977	713	953.0	-1
422	795	602.0	+1
1007	894	17.0	+1
1560	424	536.0	+1
850	379	174.0	+1
200	34	824.0	-1
1059	143	35.0	+1
764	504	260.0	+1
784	850	240.0	+1
393	417	631.0	+1
1909	745	885.0	-1
251	136	773.0	-1
67	696	957.0	-1
779	302	245.0	+1
1094	1088	70.0	+1
1425	1175	401.0	+1
170	243	854.0	-1
1266	678	242.0	+1
554	281	470.0	+1
1576	1077	552.0	+1
168	834	856.0	-1
1556	1060	532.0	+1
1777	375	753.0	-1
335	1120	689.0	+1
1892	270	868.0	-1
253	933	771.0	-1
422	473	602.0	+1
1598	832	574.0	+1
466	437	558.0	+1
1946	42	922.0	-1
93	722	931.0	-1
1528	1169	504.0	+1
1529	1162	505.0	+1
613	952	411.0	+1
1055	758	31.0	+1
921	575	103.0	+1
552	155	472.0	+1
722	1178	302.0	+1
1734	375	710.0	-1
1969	62	945.0	-1
1226	435	202.0	+1
1092	75	68.0	+1
415	213	609.0	+1
1389	872	365.0	+1
70	1086	954.0	-1
661	109	363.0	+1
177	811	847.0	-1
1811	358	787.0	-1
973	858	51.0	+1
364	350	660.0	+1
1518	857	494.0	+1
685	243	339.0	+1
1389	714	365.0	+1
983	1129	41.0	+1
325	87	699.0	+1
1816	34	792.0	-1
874	460	150.0	+1
58	814	966.0	-1
1633	571	609.0	+1
1378	438	354.0	+1
778	1191	246.0	+1
367	1171	657.0	+1
1780	212	756.0	-1
622	25	402.0	+1
282	615	742.0	-1
786	754	238.0	+1
249	1126	775.0	-1
217	762	807.0	-1
1301	1099	277.0	+1
1080	770	56.0	+1
715	78	309.0	+1
949	1071	75.0	+1
641	490	383.0	+1
366	916	658.0	+1
1012	1154	12.0	+1
1875	602	851.0	-1
1310	509	286.0	+1
1181	130	157.0	+1
166	476	858.0	-1
1590	56	566.0	+1
982	1094	42.0	+1
1950	448	926.0	-1
1846	174	822.0	-1
1445	400	421.0	+1
959	815	65.0	+1
1154	718	130.0	+1
666	647	358.0	+1
1680	1170	656.0	+1
94	1209	930.0	-1
1325	1030	301.0	+1
705	1134	319.0	+1
1371	159	347.0	+1
80	591	944.0	-1
691	285	333.0	+1
974	131	50.0	+1
1267	379	243.0	+1
1470	546	446.0	+1
1030	782	6.0	+1
1930	499	906.0	-1
2019	934	995.0	-1
142	1162	882.0	-1
697	1134	327.0	+1
286	549	738.0	-1
1123	509	99.0	+1
1264	293	240.0	+1
1105	954	81.0	+1
499	161	525.0	+1
1868	467	844.0	-1
1035	645	11.0	+1
1607	702	583.0	+1
1983	1037	959.0	-1
1165	213	141.0	+1
1442	1214	418.0	+1
800	87	224.0	+1
1839	398	815.0	-1
797	1	227.0	+1
309	488	715.0	-1
1824	674	800.0	-1
1075	795	51.0	+1
1476	146	452.0	+1
715	1009	309.0	+1
989	472	35.0	+1
220	267	804.0	-1
458	647	566.0	+1
931	223	93.0	+1
669	658	355.0	+1
1500	663	476.0	+1
149	625	875.0	-1
308	217	716.0	-1
1698	986	674.0	+1
1050	529	26.0	+1
344	865	680.0	+1
1423	207	399.0	+1
454	1098	570.0	+1
1386	759	362.0	+1
1173	664	149.0	+1
711	737	313.0	+1
1884	528	860.0	-1
869	825	155.0	+1
941	802	83.0	+1
47	828	977.0	-1
790	297	234.0	+1
1648	80	624.0	+1
988	23	36.0	+1
870	787	154.0	+1
997	107	27.0	+1
1143	198	119.0	+1
1305	106	281.0	+1
185	325	839.0	-1
1248	1101	224.0	+1
1642	578	618.0	+1
703	158	321.0	+1
1559	149	535.0	+1
264	468	760.0	-1
1415	572	391.0	+1
1448	458	424.0	+1
489	976	535.0	+1
368	565	656.0	+1
1410	317	386.0	+1
1360	258	336.0	+1
841	694	183.0	+1
116	912	908.0	-1
1821	1008	797.0	-1
1970	18	946.0	-1
950	873	74.0	+1
2020	663	996.0	-1
1862	735	838.0	-1
1580	676	556.0	+1
759	820	265.0	+1
959	472	65.0	+1
458	1206	566.0	+1
65	157	959.0	-1
1305	1113	281.0	+1
1735	573	711.0	-1
953	1056	71.0	+1
1052	799	28.0	+1
1917	1024	893.0	-1
607	411	417.0	+1
277	226	747.0	-1
2007	141	983.0	-1
1437	135	413.0	+1
1909	708	885.0	-1
740	627	284.0	+1
1556	634	532.0	+1
2005	399	981.0	-1
700	65	324.0	+1
1740	1018	716.0	-1
1030	708	6.0	+1
1667	783	643.0	+1
861	307	163.0	+1
1864	1060	840.0	-1
1815	1073	791.0	-1
540	655	484.0	+1
88	225	936.0	-1
1061	27	37.0	+1
1152	138	128.0	+1
1357	10	333.0	+1
1550	1114	526.0	+1
1389	395	365.0	+1
1419	541	395.0	+1
265	522	759.0	-1
788	593	236.0	+1
2001	1050	977.0	-1
15	716	1009.0	-1
865	777	159.0	+1
309	784	715.0	-1
218	943	806.0	-1
889	627	135.0	+1
316	139	708.0	-1
1436	31	412.0	+1
614	382	410.0	+1
11	37	1013.0	-1
169	865	855.0	-1
379	114	645.0	+1
190	533	834.0	-1
1881	782	857.0	-1
1302	134	278.0	+1
771	132	253.0	+1
1113	62	89.0	+1
717	297	307.0	+1
225	1185	799.0	-1
1380	1028	356.0	+1
143	380	881.0	-1
1748	143	724.0	-1
2030	1016	1006.0	-1
1433	764	409.0	+1
729	516	295.0	+1
1966	870	942.0	-1
1376	1092	352.0	+1
280	567	744.0	-1
747	1106	277.0	+1
1821	555	797.0	-1
875	334	149.0	+1
763	881	261.0	+1
708	815	316.0	+1
279	629	745.0	-1
1841	780	817.0	-1
1085	1008	61.0	+1
1791	88	767.0	-1
91	277	933.0	-1
966	1155	58.0	+1
876	1157	148.0	+1
786	1041	238.0	+1
808	253	216.0	+1
1842	751	818.0	-1
214	589	810.0	-1
705	1173	319.0	+1
944	1014	80.0	+1
442	706	582.0	+1
1150	466	126.0	+1
498	297	526.0	+1
1926	1172	902.0	-1
1038	818	14.0	+1
1077	188	53.0	+1
1599	679	575.0	+1
1385	139	361.0	+1
757	121	267.0	+1
277	379	747.0	-1
479	67	545.0	+1
197	523	827.0	-1
1998	184	974.0	-1
1293	775	269.0	+1
1619	259	595.0	+1
1752	1067	728.0	-1
967	1096	57.0	+1
703	596	321.0	+1
1532	991	508.0	+1
535	35	489.0	+1
220	444	804.0	-1
926	812	98.0	+1
1784	204	760.0	-1
1374	894	350.0	+1
1755	569	731.0	-1
642	91	382.0	+1
1790	928	766.0	-1
415	871	609.0	+1
1063	285	39.0	+1
787	667	237.0	+1
1941	36	917.0	-1
1601	1021	577.0	+1
456	955	568.0	+1
266	852	758.0	-1
996	14	28.0	+1
1558	512	534.0	+1
72	152	952.0	-1
1303	724	279.0	+1
1404	730	380.0	+1
179	487	845.0	-1
1840	201	816.0	-1
91	450	933.0	-1
981	515	43.0	+1
558	807	466.0	+1
861	176	163.0	+1
665	847	359.0	+1
752	739	272.0	+1
442	99	582.0	+1
335	483	689.0	+1
759	89	265.0	+1
88	505	936.0	-1
589	92	435.0	+1
1903	516	879.0	-1
1755	655	731.0	-1
746	231	278.0	+1
1888	788	864.0	-1
426	428	598.0	+1
1685	386	661.0	+1
315	165	709.0	-1
798	1009	226.0	+1
807	183	217.0	+1
977	364	47.0	+1
1011	241	13.0	+1
706	588	318.0	+1
1206	544	182.0	+1
609	1215	415.0	+1
1399	889	375.0	+1
387	243	637.0	+1
1681	448	657.0	+1
196	1044	828.0	-1
1622	810	598.0	+1
650	997	374.0	+1
565	737	459.0	+1
722	340	302.0	+1
1599	803	575.0	+1
1648	913	624.0	+1
1480	1005	456.0	+1
1633	1009	609.0	+1
1013	19	11.0	+1
338	997	686.0	+1
1302	748	278.0	+1
1832	490	808.0	-1
933	306	91.0	+1
825	1088	199.0	+1
1348	462	324.0	+1
1312	1162	288.0	+1
510	1018	514.0	+1
1399	1035	375.0	+1
1958	25	934.0	-1
1669	764	645.0	+1
1021	1188	3.0	+1
1241	966	217.0	+1
1423	884	399.0	+1
1305	829	281.0	+1
1750	394	726.0	-1
504	710	520.0	+1
709	1160	315.0	+1
1212	853	188.0	+1
350	160	674.0	+1
1719	1051	695.0	+1
1596	597	572.0	+1
78	1148	946.0	-1
125	849	899.0	-1
456	926	568.0	+1
261	661	763.0	-1
219	654	805.0	-1
634	1087	390.0	+1
1911	422	887.0	-1
469	1127	555.0	+1
622	587	402.0	+1
433	241	591.0	+1
314	938	710.0	-1
93	958	931.0	-1
361	60	663.0	+1
1561	1162	537.0	+1
1117	860	93.0	+1
1680	920	656.0	+1
798	272	226.0	+1
1557	576	533.0	+1
765	436	259.0	+1
1875	69	851.0	-1
1143	352	119.0	+1
647	244	377.0	+1
452	1013	572.0	+1
401	1124	623.0	+1
456	658	568.0	+1
1965	560	941.0	-1
56	151	968.0	-1
1100	725	76.0	+1
886	410	138.0	+1
1069	134	45.0	+1
318	345	706.0	-1
1159	331	135.0	+1
1024	533	0.0	+1
497	88	527.0	+1
1349	780	325.0	+1
2015	843	991.0	-1
1260	732	236.0	+1
174	1074	850.0	-1
2004	77	980.0	-1
1892	499	868.0	-1
393	1158	631.0	+1
192	354	832.0	-1
1697	400	673.0	+1
1255	472	231.0	+1
2	573	1022.0	-1
1474	553	450.0	+1
257	818	767.0	-1
505	381	519.0	+1
755	413	269.0	+1
891	585	133.0	+1
908	511	116.0	+1
799	1078	225.0	+1
2047	582	1023.0	-1
1314	1071	290.0	+1
1244	507	220.0	+1
832	477	192.0	+1
493	1016	531.0	+1
1677	25	653.0	+1
1512	816	488.0	+1
781	72	243.0	+1
1966	506	942.0	-1
199	969	825.0	-1
524	252	500.0	+1
1574	99	550.0	+1
1091	46	67.0	+1
1972	698	948.0	-1
220	771	804.0	-1
1041	815	17.0	+1
1722	88	698.0	+1
1216	1091	192.0	+1
1535	432	511.0	+1
1411	233	387.0	+1
1184	274	160.0	+1
829	718	195.0	+1
454	789	570.0	+1
1866	299	842.0	-1
1294	621	270.0	+1
1525	806	501.0	+1
2037	107	1013.0	-1
807	688	217.0	+1
1546	181	522.0	+1
663	1041	361.0	+1
256	1072	768.0	-1
1068	855	44.0	+1
571	93	453.0	+1
1806	927	782.0	-1
1380	937	356.0	+1
1961	968	937.0	-1
301	126	723.0	-1
1638	234	614.0	+1
515	54	509.0	+1
1415	193	391.0	+1
230	668	794.0	-1
1746	1063	722.0	-1
61	108	963.0	-1
728	27	296.0	+1
1147	408	123.0	+1
127	758	897.0	-1
1134	796	110.0	+1
1994	658	970.0	-1
87	153	937.0	-1
1350	1027	326.0	+1
407	804	617.0	+1
1663	103	639.0	+1
550	89	474.0	+1
1015	716	9.0	+1
385	1150	639.0	+1
833	1109	191.0	+1
34	170	990.0	-1
1733	514	709.0	-1
1362	1015	338.0	+1
1878	676	854.0	-1
250	907	774.0	-1
926	70	98.0	+1
894	955	130.0	+1
1833	782	809.0	-1
1017	883	7.0	+1
1648	15	624.0	+1
1323	780	299.0	+1
479	492	545.0	+1
1827	221	803.0	-1
303	726	721.0	-1
1689	286	665.0	+1
1095	1014	71.0	+1
1961	999	937.0	-1
810	177	214.0	+1
984	200	40.0	+1
762	400	262.0	+1
2029	1024	1005.0	-1
369	904	655.0	+1
1250	717	226.0	+1
2026	755	1002.0	-1
1364	243	340.0	+1
1141	791	117.0	+1
681	957	343.0	+1
1526	24	502.0	+1
1912	471	888.0	-1
924	318	100.0	+1
188	35	836.0	-1
512	332	512.0	+1
488	561	536.0	+1
1650	854	626.0	+1
1596	99	572.0	+1
999	1060	25.0	+1
364	156	660.0	+1
1093	131	69.0	+1
880	281	144.0	+1
799	264	225.0	+1
1495	179	471.0	+1
1610	273	586.0	+1
201	373	823.0	-1
527	1118	497.0	+1
451	203	573.0	+1
1565	240	541.0	+1
1878	699	854.0	-1
315	468	709.0	-1
556	502	468.0	+1
590	427	434.0	+1
655	942	369.0	+1
1815	14	791.0	-1
159	326	865.0	-1
1217	354	193.0	+1
1832	947	808.0	-1
985	647	39.0	+1
999	1133	25.0	+1
790	1086	234.0	+1
748	667	276.0	+1
234	599	790.0	-1
1082	941	58.0	+1
2035	734	1011.0	-1
1536	129	512.0	+1
643	504	381.0	+1
453	1157	571.0	+1
1243	37	219.0	+1
1701	285	677.0	+1
1780	1116	756.0	-1
1532	124	508.0	+1
1908	1143	884.0	-1
1419	586	395.0	+1
583	1194	441.0	+1
615	835	409.0	+1
617	823	407.0	+1
486	1021	538.0	+1
1684	683	660.0	+1
446	772	578.0	+1
467	565	557.0	+1
507	188	517.0	+1
258	1169	766.0	-1
749	573	275.0	+1
1242	284	218.0	+1
1667	1144	643.0	+1
378	914	646.0	+1
59	63	965.0	-1
626	518	398.0	+1
1337	907	313.0	+1
1876	608	852.0	-1
5	409	1019.0	-1
1398	822	374.0	+1
264	796	760.0	-1
2001	342	977.0	-1
1983	480	959.0	-1
1288	504	264.0	+1
1260	997	236.0	+1
995	895	29.0	+1
1403	1167	379.0	+1
241	236	783.0	-1
271	168	753.0	-1
479	533	545.0	+1
27	523	997.0	-1
1780	1210	756.0	-1
208	387	816.0	-1
1240	572	216.0	+1
591	169	433.0	+1
1368	1016	344.0	+1
890	754	134.0	+1
1797	489	773.0	-1
224	127	800.0	-1
149	957	875.0	-1
232	600	792.0	-1
1603	369	579.0	+1
346	285	678.0	+1
1522	1047	498.0	+1
1800	233	776.0	-1
451	56	573.0	+1
751	164	273.0	+1
771	406	253.0	+1
1309	220	285.0	+1
1602	1103	578.0	+1
141	301	883.0	-1
604	931	420.0	+1
1494	1031	470.0	+1
681	482	343.0	+1
103	66	921.0	-1
100	407	924.0	-1
448	663	576.0	+1
422	382	602.0	+1
715	554	309.0	+1
42	220	982.0	-1
76	636	948.0	-1
1511	345	487.0	+1
2031	294	1007.0	-1
1832	89	808.0	-1
1676	787	652.0	+1
1500	446	476.0	+1
619	967	405.0	+1
84	132	940.0	-1
14	122	1010.0	-1
331	1149	693.0	+1
628	916	396.0	+1
634	157	390.0	+1
1948	558	924.0	-1
1783	885	759.0	-1
1134	490	110.0	+1
952	226	72.0	+1
865	772	159.0	+1
628	736	396.0	+1
1107	1210	83.0	+1
1060	856	36.0	+1
489	208	535.0	+1
645	118	379.0	+1
1635	1211	611.0	+1
1013	1171	11.0	+1
927	353	97.0	+1
1803	357	779.0	-1
1281	665	257.0	+1
1591	161	567.0	+1
1753	1134	729.0	-1
527	630	497.0	+1
788	31	236.0	+1
2030	449	1006.0	-1
835	861	189.0	+1
697	528	327.0	+1
567	830	457.0	+1
1206	524	182.0	+1
1118	434	94.0	+1
514	1135	510.0	+1
1011	927	13.0	+1
1337	1034	313.0	+1
512	989	512.0	+1
176	1170	848.0	-1
1448	470	424.0	+1
410	1151	614.0	+1
308	526	716.0	-1
963	452	61.0	+1
1879	923	855.0	-1
442	1060	582.0	+1
1926	350	902.0	-1
135	1212	889.0	-1
1607	1119	583.0	+1
1890	544	866.0	-1
1732	830	708.0	-1
971	513	53.0	+1
1431	425	407.0	+1
714	901	310.0	+1
1894	248	870.0	-1
55	402	969.0	-1
48	292	976.0	-1
144	290	880.0	-1
1079	854	55.0	+1
1656	1063	632.0	+1
250	143	774.0	-1
273	1178	751.0	-1
688	668	336.0	+1
1792	327	768.0	-1
46	992	978.0	-1
1090	159	66.0	+1
53	516	971.0	-1
108	838	916.0	-1
1685	626	661.0	+1
633	754	391.0	+1
1476	777	452.0	+1
1780	698	756.0	-1
490	788	534.0	+1
583	417	441.0	+1
241	892	783.0	-1
325	826	699.0	+1
21	54	1003.0	-1
1387	429	363.0	+1
743	787	281.0	+1
1279	658	255.0	+1
470	657	554.0	+1
737	821	287.0	+1
1000	355	24.0	+1
354	665	670.0	+1
131	845	893.0	-1
691	145	333.0	+1
1056	918	32.0	+1
303	577	721.0	-1
1482	1121	458.0	+1
143	650	881.0	-1
250	836	774.0	-1
1432	216	408.0	+1
4	660	1020.0	-1
1342	876	318.0	+1
228	781	796.0	-1
763	107	261.0	+1
362	950	662.0	+1
1051	776	27.0	+1
1620	328	596.0	+1
1416	407	392.0	+1
1184	861	160.0	+1
268	830	756.0	-1
1571	383	547.0	+1
1883	711	859.0	-1
1361	597	337.0	+1
1339	590	315.0	+1
1207	344	183.0	+1
871	171	153.0	+1
31	91	993.0	-1
1164	191	140.0	+1
299	629	725.0	-1
122	557	902.0	-1
540	733	484.0	+1
1031	1120	7.0	+1
1441	203	417.0	+1
1544	2	520.0	+1
1264	573	240.0	+1
452	969	572.0	+1
2045	236	1021.0	-1
194	318	830.0	-1
572	1080	452.0	+1
403	471	621.0	+1
1771	158	747.0	-1
2017	1047	993.0	-1
1598	268	574.0	+1
1644	1008	620.0	+1
910	935	114.0	+1
1291	1068	267.0	+1
1983	234	959.0	-1
2027	817	1003.0	-1
341	447	683.0	+1
2010	1129	986.0	-1
289	290	735.0	-1
1121	930	97.0	+1
645	246	379.0	+1
964	76	60.0	+1
1273	1081	249.0	+1
968	318	56.0	+1
400	642	624.0	+1
691	341	333.0	+1
1793	144	769.0	-1
1446	570	422.0	+1
1269	102	245.0	+1
195	319	829.0	-1
287	4	737.0	-1
1075	746	51.0	+1
1364	363	340.0	+1
1472	1194	448.0	+1
823	1044	201.0	+1
325	647	699.0	+1
937	294	87.0	+1
1950	3	926.0	-1
1001	346	23.0	+1
1648	1136	624.0	+1
2040	268	1016.0	-1
1482	735	458.0	+1
2016	209	992.0	-1
81	200	943.0	-1
1909	730	885.0	-1
72	416	952.0	-1
1316	966	292.0	+1
1648	366	624.0	+1
1063	117	39.0	+1
1749	383	725.0	-1
3	671	1021.0	-1
1108	75	84.0	+1
1833	355	809.0	-1
949	214	75.0	+1
1893	980	869.0	-1
1550	237	526.0	+1
561	735	463.0	+1
931	1096	93.0	+1
1795	628	771.0	-1
632	1155	392.0	+1
1188	294	164.0	+1
97	495	927.0	-1
1724	75	700.0	+1
1898	972	874.0	-1
1151	1195	127.0	+1
1440	486	416.0	+1
1889	861	865.0	-1
160	934	864.0	-1
908	886	116.0	+1
105	295	919.0	-1
1679	845	655.0	+1
159	758	865.0	-1
1465	1090	441.0	+1
34	245	990.0	-1
1255	940	231.0	+1
976	848	48.0	+1
1598	787	574.0	+1
1296	193	272.0	+1
913	444	111.0	+1
296	358	728.0	-1
1557	1034	533.0	+1
938	974	86.0	+1
56	246	968.0	-1
282	595	742.0	-1
1903	577	879.0	-1
1396	334	372.0	+1
231	498	793.0	-1
813	732	211.0	+1
1908	925	884.0	-1
2034	691	1010.0	-1
965	673	59.0	+1
1128	980	104.0	+1
275	203	749.0	-1
48	219	976.0	-1
385	64	639.0	+1
1295	147	271.0	+1
442	670	582.0	+1
1445	229	421.0	+1
1100	887	76.0	+1
595	633	429.0	+1
780	586	244.0	+1
459	571	565.0	+1
170	1200	854.0	-1
368	1210	656.0	+1
752	1077	272.0	+1
616	819	408.0	+1
194	302	830.0	-1
1135	238	111.0	+1
1583	556	559.0	+1
926	623	98.0	+1
1762	1058	738.0	-1
1539	877	515.0	+1
197	481	827.0	-1
1047	102	23.0	+1
2003	806	979.0	-1
312	232	712.0	-1
534	59	490.0	+1
273	271	751.0	-1
507	654	517.0	+1
881	8	143.0	+1
741	31	283.0	+1
499	425	525.0	+1
744	704	280.0	+1
760	124	264.0	+1
1632	174	608.0	+1
747	1037	277.0	+1
400	1193	624.0	+1
656	41	368.0	+1
1976	430	952.0	-1
1159	1035	135.0	+1
205	1125	819.0	-1
741	607	283.0	+1
466	563	558.0	+1
644	85	380.0	+1
722	485	302.0	+1
1340	874	316.0	+1
1806	1212	782.0	-1
1811	773	787.0	-1
1002	508	22.0	+1
1993	201	969.0	-1
1006	85	18.0	+1
149	1043	875.0	-1
187	1050	837.0	-1
795	968	229.0	+1
59	574	965.0	-1
1854	516	830.0	-1
560	468	464.0	+1
370	354	654.0	+1
1920	589	896.0	-1
1408	1195	384.0	+1
1967	505	943.0	-1
1166	971	142.0	+1
826	154	198.0	+1
475	983	549.0	+1
1706	465	682.0	+1
1078	403	54.0	+1
1707	774	683.0	+1
709	84	315.0	+1
1414	748	390.0	+1
27	347	997.0	-1
1614	1201	590.0	+1
1415	323	391.0	+1
1743	331	719.0	-1
469	601	555.0	+1
776	187	248.0	+1
1918	656	894.0	-1
287	1072	737.0	-1
153	1074	871.0	-1
945	811	79.0	+1
1519	1102	495.0	+1
1931	845	907.0	-1
1789	52	765.0	-1
1604	864	580.0	+1
921	1147	103.0	+1
1640	174	616.0	+1
1118	1190	94.0	+1
1241	798	217.0	+1
1143	93	119.0	+1
20	131	1004.0	-1
1727	1095	703.0	-1
496	532	528.0	+1
1957	543	933.0	-1
1535	750	511.0	+1
1991	177	967.0	-1
731	800	293.0	+1
1306	288	282.0	+1
651	990	373.0	+1
1840	286	816.0	-1
1754	758	730.0	-1
244	606	780.0	-1
344	922	680.0	+1
1870	776	846.0	-1
1391	952	367.0	+1
68	891	956.0	-1
1144	804	120.0	+1
1165	3	141.0	+1
1693	242	669.0	+1
988	1141	36.0	+1
1676	839	652.0	+1
1928	642	904.0	-1
1068	916	44.0	+1
1124	457	100.0	+1
802	406	222.0	+1
546	775	478.0	+1
994	908	30.0	+1
2010	96	986.0	-1
191	794	833.0	-1
838	395	186.0	+1
1894	562	870.0	-1
1052	1175	28.0	+1
462	509	562.0	+1
569	454	455.0	+1
2003	13	979.0	-1
873	634	151.0	+1
1083	349	59.0	+1
552	190	472.0	+1
97	610	927.0	-1
1964	185	940.0	-1
494	798	530.0	+1
99	1053	925.0	-1
1365	195	341.0	+1
1867	881	843.0	-1
1846	952	822.0	-1
1002	1020	22.0	+1
562	642	462.0	+1
651	341	373.0	+1
1866	94	842.0	-1
854	131	170.0	+1
1160	351	136.0	+1
786	732	238.0	+1
599	271	425.0	+1
1708	523	684.0	+1
1792	705	768.0	-1
2003	147	979.0	-1
1057	1126	33.0	+1
1465	1003	441.0	+1
797	1076	227.0	+1
1711	803	687.0	+1
1539	776	515.0	+1
137	100	887.0	-1
1802	853	778.0	-1
610	744	414.0	+1
857	680	167.0	+1
1810	982	786.0	-1
2042	323	1018.0	-1
1740	559	716.0	-1
874	732	150.0	+1
1719	350	695.0	+1
283	602	741.0	-1
1895	35	871.0	-1
187	906	837.0	-1
47	1101	977.0	-1
720	260	304.0	+1
964	482	60.0	+1
621	496	403.0	+1
1670	1032	646.0	+1
1491	557	467.0	+1
1068	262	44.0	+1
322	46	702.0	-1
69	747	955.0	-1
522	361	502.0	+1
1264	118	240.0	+1
1895	141	871.0	-1
1656	176	632.0	+1
359	277	665.0	+1
478	929	546.0	+1
1935	179	911.0	-1
542	591	482.0	+1
949	753	75.0	+1
1053	1141	29.0	+1
1479	55	455.0	+1
1994	657	970.0	-1
340	107	684.0	+1
1062	372	38.0	+1
642	597	382.0	+1
643	977	381.0	+1
2020	1202	996.0	-1
1781	541	757.0	-1
1703	596	679.0	+1
673	13	351.0	+1
1421	426	397.0	+1
336	357	688.0	+1
1539	420	515.0	+1
841	285	183.0	+1
1290	895	266.0	+1
1561	752	537.0	+1
1101	878	77.0	+1
318	378	706.0	-1
1715	584	691.0	+1
1223	1123	199.0	+1
0	332	1024.0	-1
52	511	972.0	-1
236	818	788.0	-1
952	525	72.0	+1
1446	702	422.0	+1
98	345	926.0	-1
1233	100	209.0	+1
1729	113	705.0	-1
1452	917	428.0	+1
1274	859	250.0	+1
664	1139	360.0	+1
1395	42	371.0	+1
1739	217	715.0	-1
1355	158	331.0	+1
1081	116	57.0	+1
1476	659	452.0	+1
1794	243	770.0	-1
1470	570	446.0	+1
1016	851	8.0	+1
1862	514	838.0	-1
1417	719	393.0	+1
881	872	143.0	+1
2035	1000	1011.0	-1
237	682	787.0	-1
159	936	865.0	-1
1325	912	301.0	+1
908	1196	116.0	+1
1871	732	847.0	-1
771	571	253.0	+1
1640	338	616.0	+1
861	802	163.0	+1
933	1121	91.0	+1
1510	807	486.0	+1
1451	186	427.0	+1
198	90	826.0	-1
1073	621	49.0	+1
1389	1199	365.0	+1
1559	73	535.0	+1
1639	759	615.0	+1
1440	1122	416.0	+1
1940	1012	916.0	-1
1209	254	185.0	+1
1948	320	924.0	-1
470	268	554.0	+1
1765	733	741.0	-1
1443	934	419.0	+1
537	74	487.0	+1
994	838	30.0	+1
1194	313	170.0	+1
482	814	542.0	+1
461	1115	563.0	+1
620	223	404.0	+1
128	583	896.0	-1
1858	1074	834.0	-1
1221	160	197.0	+1
406	151	618.0	+1
1490	304	466.0	+1
1166	521	142.0	+1
1646	124	622.0	+1
848	675	176.0	+1
644	697	380.0	+1
324	226	700.0	+1
1926	1153	902.0	-1
386	199	638.0	+1
1336	517	312.0	+1
1501	56	477.0	+1
575	315	449.0	+1
1972	1027	948.0	-1
1246	882	222.0	+1
680	82	344.0	+1
142	578	882.0	-1
733	256	291.0	+1
1757	357	733.0	-1
1524	68	500.0	+1
1355	810	331.0	+1
1237	523	213.0	+1
1246	357	222.0	+1
1898	562	874.0	-1
1984	664	960.0	-1
1608	1117	584.0	+1
1915	766	891.0	-1
1519	655	495.0	+1
1130	815	106.0	+1
1397	850	373.0	+1
1850	150	826.0	-1
1771	584	747.0	-1
1332	760	308.0	+1
456	845	568.0	+1
495	77	529.0	+1
460	791	564.0	+1
1818	1145	794.0	-1
1142	1012	118.0	+1
1894	1112	870.0	-1
178	88	846.0	-1
786	204	238.0	+1
1126	710	102.0	+1
1343	658	319.0	+1
1936	87	912.0	-1
1101	266	77.0	+1
69	618	955.0	-1
1867	340	843.0	-1
1476	388	452.0	+1
1639	844	615.0	+1
1124	508	100.0	+1
1852	756	828.0	-1
746	711	278.0	+1
671	366	353.0	+1
762	43	262.0	+1
1110	55	86.0	+1
1774	188	750.0	-1
1128	1144	104.0	+1
1202	465	178.0	+1
465	900	559.0	+1
1712	282	688.0	+1
647	319	377.0	+1
1245	851	221.0	+1
260	737	764.0	-1
570	773	454.0	+1
945	857	79.0	+1
118	475	906.0	-1
760	1095	264.0	+1
1891	923	867.0	-1
779	171	245.0	+1
287	399	737.0	-1
971	441	53.0	+1
988	72	36.0	+1
783	290	241.0	+1
1393	1104	369.0	+1
367	546	657.0	+1
1044	385	20.0	+1
892	694	132.0	+1
1694	424	670.0	+1
1684	694	660.0	+1
226	649	798.0	-1
339	382	685.0	+1
3	156	1021.0	-1
552	1059	472.0	+1
1265	733	241.0	+1
1734	141	710.0	-1
95	1052	929.0	-1
934	148	90.0	+1
999	1000	25.0	+1
952	387	72.0	+1
1436	778	412.0	+1
1149	941	125.0	+1
182	1127	842.0	-1
1746	343	722.0	-1
929	625	95.0	+1
1835	105	811.0	-1
1567	661	543.0	+1
622	1203	402.0	+1
1117	1185	93.0	+1
1341	596	317.0	+1
1115	1077	91.0	+1
144	542	880.0	-1
835	150	189.0	+1
1595	63	571.0	+1
241	81	783.0	-1
1218	809	194.0	+1
180	848	844.0	-1
643	1183	381.0	+1
565	749	459.0	+1
810	233	214.0	+1
583	540	441.0	+1
1676	670	652.0	+1
1655	818	631.0	+1
116	177	908.0	-1
954	1106	70.0	+1
1143	1109	119.0	+1
2019	1008	995.0	-1
1761	975	737.0	-1
316	578	708.0	-1
961	192	63.0	+1
293	1004	731.0	-1
461	663	563.0	+1
1820	404	796.0	-1
239	293	785.0	-1
1092	104	68.0	+1
556	1055	468.0	+1
1111	176	87.0	+1
353	26	671.0	+1
1249	764	225.0	+1
991	897	33.0	+1
1363	423	339.0	+1
518	571	506.0	+1
192	16	832.0	-1
1425	348	401.0	+1
513	459	511.0	+1
652	1104	372.0	+1
1488	966	464.0	+1
668	321	356.0	+1
1787	798	763.0	-1
420	622	604.0	+1
811	526	213.0	+1
206	131	818.0	-1
931	983	93.0	+1
604	54	420.0	+1
808	879	216.0	+1
560	987	464.0	+1
10	520	1014.0	-1
1542	1130	518.0	+1
1944	716	920.0	-1
1484	1199	460.0	+1
1146	813	122.0	+1
533	386	491.0	+1
1605	617	581.0	+1
308	771	716.0	-1
428	136	596.0	+1
1360	954	336.0	+1
837	1157	187.0	+1
2032	265	1008.0	-1
1078	740	54.0	+1
1052	759	28.0	+1
79	1156	945.0	-1
1338	624	314.0	+1
1946	345	922.0	-1
46	618	978.0	-1
1039	354	15.0	+1
75	737	949.0	-1
1329	585	305.0	+1
1216	524	192.0	+1
704	1144	320.0	+1
840	178	184.0	+1
422	218	602.0	+1
1415	570	391.0	+1
399	1195	625.0	+1
310	769	714.0	-1
6	430	1018.0	-1
992	1018	32.0	+1
252	898	772.0	-1
1969	59	945.0	-1
1099	987	75.0	+1
855	205	169.0	+1
1872	914	848.0	-1
1497	841	473.0	+1
72	325	952.0	-1
1138	844	114.0	+1
864	49	160.0	+1
753	429	271.0	+1
1283	995	259.0	+1
682	295	342.0	+1
315	380	709.0	-1
1074	434	50.0	+1
49	624	975.0	-1
249	714	775.0	-1
1523	1064	499.0	+1
766	132	258.0	+1
308	511	716.0	-1
1734	823	710.0	-1
1449	741	425.0	+1
537	1130	487.0	+1
763	539	261.0	+1
1514	877	490.0	+1
1819	824	795.0	-1
677	1157	347.0	+1
119	189	905.0	-1
402	1143	622.0	+1
586	757	438.0	+1
1998	915	974.0	-1
1987	115	963.0	-1
1293	19	269.0	+1
1165	145	141.0	+1
616	299	408.0	+1
1277	327	253.0	+1
310	1135	714.0	-1
810	1129	214.0	+1
1177	38	153.0	+1
169	162	855.0	-1
1766	1170	742.0	-1
1729	642	705.0	-1
127	98	897.0	-1
1763	1099	739.0	-1
1287	1158	263.0	+1
1329	605	305.0	+1
1027	176	3.0	+1
1027	1089	3.0	+1
286	51	738.0	-1
1346	1187	322.0	+1
1905	864	881.0	-1
307	607	717.0	-1
442	89	582.0	+1
1865	499	841.0	-1
1071	845	47.0	+1
1892	661	868.0	-1
781	918	243.0	+1
7	457	1017.0	-1
1227	393	203.0	+1
355	27	669.0	+1
1787	789	763.0	-1
1926	574	902.0	-1
2011	934	987.0	-1
1604	740	580.0	+1
852	683	172.0	+1
1080	189	56.0	+1
912	293	112.0	+1
1049	1152	25.0	+1
599	1013	425.0	+1
917	1108	107.0	+1
151	193	873.0	-1
9	530	1015.0	-1
930	345	94.0	+1
1173	426	149.0	+1
2005	1110	981.0	-1
1004	137	20.0	+1
1427	386	403.0	+1
1456	776	432.0	+1
1969	659	945.0	-1
836	365	188.0	+1
412	947	612.0	+1
2002	245	978.0	-1
802	387	222.0	+1
267	1038	757.0	-1
114	842	910.0	-1
366	922	658.0	+1
1633	1003	609.0	+1
1505	272	481.0	+1
1536	1117	512.0	+1
292	701	732.0	-1
781	788	243.0	+1
618	73	406.0	+1
2031	155	1007.0	-1
1446	364	422.0	+1
1988	217	964.0	-1
1043	904	19.0	+1
1280	232	256.0	+1
340	979	684.0	+1
1455	444	431.0	+1
866	62	158.0	+1
1789	338	765.0	-1
705	445	319.0	+1
288	575	736.0	-1
460	213	564.0	+1
1245	561	221.0	+1
155	929	869.0	-1
356	22	668.0	+1
623	492	401.0	+1
1730	741	706.0	-1
1711	209	687.0	+1
1802	147	778.0	-1
1147	143	123.0	+1
466	865	558.0	+1
902	345	122.0	+1
1902	506	878.0	-1
2021	182	997.0	-1
1650	666	626.0	+1
469	797	555.0	+1
2021	672	997.0	-1
1260	285	236.0	+1
82	950	942.0	-1
1853	260	829.0	-1
764	37	260.0	+1
1378	1159	354.0	+1
1199	187	175.0	+1
562	786	462.0	+1
1616	996	592.0	+1
759	698	265.0	+1
154	539	870.0	-1
866	899	158.0	+1
25	893	999.0	-1
187	248	837.0	-1
1685	279	661.0	+1
1043	941	19.0	+1
2	74	1022.0	-1
1763	1157	739.0	-1
178	414	846.0	-1
473	915	551.0	+1
26	300	998.0	-1
1852	163	828.0	-1
620	41	404.0	+1
389	720	635.0	+1
1951	1008	927.0	-1
1583	195	559.0	+1
973	720	51.0	+1
1735	485	711.0	-1
768	1083	256.0	+1
2032	454	1008.0	-1
1533	55	509.0	+1
997	744	27.0	+1
529	604	495.0	+1
914	38	110.0	+1
37	153	987.0	-1
1280	113	256.0	+1
1892	642	868.0	-1
1484	710	460.0	+1
690	532	334.0	+1
1227	259	203.0	+1
489	306	535.0	+1
1020	744	4.0	+1
1612	32	588.0	+1
1340	753	316.0	+1
1135	968	111.0	+1
1142	80	118.0	+1
866	235	158.0	+1
1427	762	403.0	+1
1356	491	332.0	+1
1118	1200	94.0	+1
1799	561	775.0	-1
77	148	947.0	-1
869	1197	155.0	+1
1148	580	124.0	+1
497	43	527.0	+1
1753	559	729.0	-1
1283	2	259.0	+1
1527	611	503.0	+1
1708	1191	684.0	+1
1711	98	687.0	+1
82	239	942.0	-1
1461	88	437.0	+1
1209	735	185.0	+1
807	561	217.0	+1
1313	1203	289.0	+1
262	509	762.0	-1
1816	277	792.0	-1
424	740	600.0	+1
855	769	169.0	+1
168	109	856.0	-1
1484	669	460.0	+1
542	590	482.0	+1
478	489	546.0	+1
1931	320	907.0	-1
834	488	190.0	+1
1098	779	74.0	+1
1574	147	550.0	+1
421	234	603.0	+1
21	571	1003.0	-1
867	1054	157.0	+1
1303	397	279.0	+1
1018	479	6.0	+1
364	1174	660.0	+1
1182	1033	158.0	+1
823	316	201.0	+1
632	128	392.0	+1
95	1047	929.0	-1
665	797	359.0	+1
784	758	240.0	+1
402	680	622.0	+1
768	548	256.0	+1
1857	462	833.0	-1
1586	951	562.0	+1
358	1023	666.0	+1
590	645	434.0	+1
1970	519	946.0	-1
1782	785	758.0	-1
1591	546	567.0	+1
805	465	219.0	+1
437	879	587.0	+1
1828	1215	804.0	-1
1603	194	579.0	+1
843	139	181.0	+1
213	745	811.0	-1
420	540	604.0	+1
1915	650	891.0	-1
1804	767	780.0	-1
437	380	587.0	+1
1028	544	4.0	+1
110	187	914.0	-1
1908	789	884.0	-1
1325	704	301.0	+1
1854	238	830.0	-1
1719	848	695.0	+1
1276	908	252.0	+1
464	834	560.0	+1
1538	124	514.0	+1
630	142	394.0	+1
1678	445	654.0	+1
489	1074	535.0	+1
553	1027	471.0	+1
499	510	525.0	+1
303	88	721.0	-1
1431	336	407.0	+1
575	915	449.0	+1
562	81	462.0	+1
265	166	759.0	-1
1184	537	160.0	+1
987	238	37.0	+1
348	683	676.0	+1
387	831	637.0	+1
410	225	614.0	+1
1892	522	868.0	-1
1549	720	525.0	+1
1820	286	796.0	-1
136	660	888.0	-1
1562	1144	538.0	+1
799	1210	225.0	+1
768	562	256.0	+1
1430	607	406.0	+1
933	1190	91.0	+1
606	1092	418.0	+1
1534	438	510.0	+1
1433	1138	409.0	+1
298	449	726.0	-1
362	735	662.0	+1
1602	1041	578.0	+1
245	1	779.0	-1
193	175	831.0	-1
901	253	123.0	+1
327	94	697.0	+1
786	520	238.0	+1
1402	899	378.0	+1
85	525	939.0	-1
473	136	551.0	+1
1045	413	21.0	+1
1395	960	371.0	+1
917	1107	107.0	+1
128	139	896.0	-1
129	869	895.0	-1
324	674	700.0	+1
905	1199	119.0	+1
905	62	119.0	+1
628	11	396.0	+1
1522	128	498.0	+1
1126	112	102.0	+1
746	225	278.0	+1
689	484	335.0	+1
1226	282	202.0	+1
1376	1192	352.0	+1
923	819	101.0	+1
1065	855	41.0	+1
1789	1118	765.0	-1
184	442	840.0	-1
1415	322	391.0	+1
954	470	70.0	+1
398	1096	626.0	+1
844	31	180.0	+1
1818	185	794.0	-1
1758	1072	734.0	-1
245	586	779.0	-1
332	130	692.0	+1
354	606	670.0	+1
1915	188	891.0	-1
826	390	198.0	+1
1358	43	334.0	+1
50	5	974.0	-1
157	776	867.0	-1
668	393	356.0	+1
1199	673	175.0	+1
560	194	464.0	+1
1993	665	969.0	-1
659	182	365.0	+1
66	464	958.0	-1
1423	621	399.0	+1
181	237	843.0	-1
1270	78	246.0	+1
631	395	393.0	+1
1860	415	836.0	-1
1437	127	413.0	+1
1322	85	298.0	+1
1222	64	198.0	+1
997	807	27.0	+1
1280	732	256.0	+1
983	339	41.0	+1
1225	418	201.0	+1
735	375	289.0	+1
1667	125	643.0	+1
1577	593	553.0	+1
1678	417	654.0	+1
1682	254	658.0	+1
973	587	51.0	+1
168	952	856.0	-1
1254	294	230.0	+1
1515	820	491.0	+1
1940	940	916.0	-1
1775	975	751.0	-1
481	1023	543.0	+1
1645	694	621.0	+1
1214	1101	190.0	+1
1763	1156	739.0	-1
400	828	624.0	+1
36	1021	988.0	-1
327	489	697.0	+1
2008	602	984.0	-1
1802	894	778.0	-1
2001	877	977.0	-1
1246	853	222.0	+1
991	1140	33.0	+1
2045	265	1021.0	-1
1724	447	700.0	+1
352	335	672.0	+1
992	619	32.0	+1
1425	860	401.0	+1
724	353	300.0	+1
1078	1014	54.0	+1
1372	1104	348.0	+1
569	733	455.0	+1
1394	260	370.0	+1
571	811	453.0	+1
908	811	116.0	+1
749	1138	275.0	+1
715	566	309.0	+1
1322	761	298.0	+1
1138	773	114.0	+1
1962	820	938.0	-1
66	1211	958.0	-1
206	405	818.0	-1
1455	136	431.0	+1
653	1179	371.0	+1
1050	584	26.0	+1
2024	1149	1000.0	-1
1104	122	80.0	+1
1676	277	652.0	+1
1427	875	403.0	+1
1173	268	149.0	+1
1681	22	657.0	+1
1785	617	761.0	-1
337	916	687.0	+1
1576	818	552.0	+1
1642	1128	618.0	+1
1823	621	799.0	-1
776	789	248.0	+1
1729	413	705.0	-1
3	50	1021.0	-1
1479	406	455.0	+1
680	1173	344.0	+1
1436	45	412.0	+1
1936	965	912.0	-1
862	292	162.0	+1
235	280	789.0	-1
2026	23	1002.0	-1
1750	331	726.0	-1
573	1149	451.0	+1
1247	767	223.0	+1
306	785	718.0	-1
886	197	138.0	+1
3	334	1021.0	-1
574	321	450.0	+1
1416	1197	392.0	+1
1121	797	97.0	+1
1124	766	100.0	+1
1670	1179	646.0	+1
924	362	100.0	+1
1606	1163	582.0	+1
1423	437	399.0	+1
386	891	638.0	+1
647	1200	377.0	+1
1139	161	115.0	+1
1099	33	75.0	+1
1207	142	183.0	+1
1856	1106	832.0	-1
1445	48	421.0	+1
574	680	450.0	+1
1064	1188	40.0	+1
53	1118	971.0	-1
603	1200	421.0	+1
839	510	185.0	+1
597	1202	427.0	+1
497	158	527.0	+1
1238	740	214.0	+1
1935	366	911.0	-1
211	157	813.0	-1
1743	785	719.0	-1
382	160	642.0	+1
1797	361	773.0	-1
1728	409	704.0	-1
1194	594	170.0	+1
362	1062	662.0	+1
62	179	962.0	-1
1617	1211	593.0	+1
1796	1194	772.0	-1
2	397	1022.0	-1
1049	1161	25.0	+1
799	979	225.0	+1
419	179	605.0	+1
9	761	1015.0	-1
1389	874	365.0	+1
873	975	151.0	+1
1954	670	930.0	-1
1059	689	35.0	+1
2032	167	1008.0	-1
1846	51	822.0	-1
1265	721	241.0	+1
747	686	277.0	+1
970	470	54.0	+1
390	590	634.0	+1
1223	563	199.0	+1
1704	158	680.0	+1
989	14	35.0	+1
222	180	802.0	-1
1552	1037	528.0	+1
1397	606	373.0	+1
881	784	143.0	+1
1593	551	569.0	+1
2000	30	976.0	-1
1804	19	780.0	-1
1289	1186	265.0	+1
794	49	230.0	+1
657	79	367.0	+1
658	941	366.0	+1
1887	374	863.0	-1
419	1198	605.0	+1
344	1138	680.0	+1
2019	936	995.0	-1
1810	98	786.0	-1
985	611	39.0	+1
1081	590	57.0	+1
1343	674	319.0	+1
821	1108	203.0	+1
467	866	557.0	+1
139	841	885.0	-1
1024	1137	0.0	+1
293	109	731.0	-1
365	4	659.0	+1
1753	316	729.0	-1
1259	985	235.0	+1
17	1194	1007.0	-1
1303	1012	279.0	+1
1299	150	275.0	+1
1758	738	734.0	-1
1872	514	848.0	-1
701	674	323.0	+1
1060	669	36.0	+1
277	157	747.0	-1
848	72	176.0	+1
1869	13	845.0	-1
748	383	276.0	+1
1250	1022	226.0	+1
990	654	34.0	+1
1845	219	821.0	-1
1488	1026	464.0	+1
456	874	568.0	+1
1012	742	12.0	+1
62	139	962.0	-1
351	394	673.0	+1
494	1092	530.0	+1
1661	592	637.0	+1
1418	959	394.0	+1
66	633	958.0	-1
1141	245	117.0	+1
1409	296	385.0	+1
768	282	256.0	+1
120	528	904.0	-1
1759	689	735.0	-1
255	840	769.0	-1
583	609	441.0	+1
539	30	485.0	+1
1706	99	682.0	+1
273	1043	751.0	-1
125	774	899.0	-1
564	1079	460.0	+1
109	51	915.0	-1
888	232	136.0	+1
319	888	705.0	-1
1754	257	730.0	-1
578	1193	446.0	+1
1898	754	874.0	-1
263	760	761.0	-1
1712	367	688.0	+1
1019	140	5.0	+1
895	1081	129.0	+1
1753	701	729.0	-1
1265	855	241.0	+1
123	26	901.0	-1
225	1123	799.0	-1
807	499	217.0	+1
1199	291	175.0	+1
229	788	795.0	-1
1120	693	96.0	+1
80	391	944.0	-1
384	413	640.0	+1
921	1161	103.0	+1
459	873	565.0	+1
1929	594	905.0	-1
423	756	601.0	+1
1745	702	721.0	-1
1	851	1023.0	-1
991	109	33.0	+1
1554	65	530.0	+1
131	1111	893.0	-1
1101	1032	77.0	+1
1067	196	43.0	+1
1715	1165	691.0	+1
892	1143	132.0	+1
590	345	434.0	+1
1002	1165	22.0	+1
1681	912	657.0	+1
1010	1083	14.0	+1
585	378	439.0	+1
711	158	313.0	+1
421	715	603.0	+1
1197	784	173.0	+1
732	366	292.0	+1
558	105	466.0	+1
1995	35	971.0	-1
179	375	845.0	-1
1082	681	58.0	+1
134	433	890.0	-1
902	486	122.0	+1
1193	1213	169.0	+1
682	590	342.0	+1
500	794	524.0	+1
189	999	835.0	-1
1670	363	646.0	+1
957	322	67.0	+1
1789	713	765.0	-1
1994	884	970.0	-1
481	241	543.0	+1
1452	570	428.0	+1
611	796	413.0	+1
768	352	256.0	+1
809	671	215.0	+1
667	195	357.0	+1
133	303	891.0	-1
383	463	641.0	+1
1075	388	51.0	+1
508	682	516.0	+1
993	1050	31.0	+1
143	666	881.0	-1
259	1030	765.0	-1
268	1075	756.0	-1
1016	753	8.0	+1
1474	42	450.0	+1
1132	583	108.0	+1
108	831	916.0	-1
1437	614	413.0	+1
1850	76	826.0	-1
271	762	753.0	-1
14	1153	1010.0	-1
1478	547	454.0	+1
1213	488	189.0	+1
1143	276	119.0	+1
1096	273	72.0	+1
583	541	441.0	+1
1029	966	5.0	+1
1919	288	895.0	-1
1668	288	644.0	+1
1672	583	648.0	+1
1147	1122	123.0	+1
220	423	804.0	-1
531	1026	493.0	+1
1267	1144	243.0	+1
708	513	316.0	+1
1195	832	171.0	+1
506	825	518.0	+1
261	616	763.0	-1
732	1127	292.0	+1
1527	729	503.0	+1
1781	585	757.0	-1
318	319	706.0	-1
47	283	977.0	-1
1470	41	446.0	+1
1473	1188	449.0	+1
943	1143	81.0	+1
1508	554	484.0	+1
1419	138	395.0	+1
1216	125	192.0	+1
951	879	73.0	+1
1739	608	715.0	-1
716	973	308.0	+1
1341	685	317.0	+1
948	18	76.0	+1
958	269	66.0	+1
813	528	211.0	+1
53	1156	971.0	-1
393	1139	631.0	+1
211	545	813.0	-1
436	1165	588.0	+1
32	178	992.0	-1
405	117	619.0	+1
1458	486	434.0	+1
13	558	1011.0	-1
361	373	663.0	+1
132	405	892.0	-1
904	142	120.0	+1
1906	514	882.0	-1
352	622	672.0	+1
343	899	681.0	+1
852	270	172.0	+1
173	906	851.0	-1
0	69	1024.0	-1
638	299	386.0	+1
536	879	488.0	+1
857	153	167.0	+1
945	575	79.0	+1
593	538	431.0	+1
1335	682	311.0	+1
254	1139	770.0	-1
1813	676	789.0	-1
272	152	752.0	-1
114	416	910.0	-1
451	45	573.0	+1
75	125	949.0	-1
1191	316	167.0	+1
113	1188	911.0	-1
1416	356	392.0	+1
1675	705	651.0	+1
200	802	824.0	-1
67	1212	957.0	-1
1473	920	449.0	+1
1721	794	697.0	+1
1132	862	108.0	+1
1585	1135	561.0	+1
515	673	509.0	+1
409	453	615.0	+1
1221	1070	197.0	+1
1142	586	118.0	+1
840	648	184.0	+1
1679	975	655.0	+1
1154	772	130.0	+1
1194	152	170.0	+1
2046	783	1022.0	-1
1104	81	80.0	+1
1499	640	475.0	+1
363	616	661.0	+1
1401	1008	377.0	+1
1462	146	438.0	+1
1333	1187	309.0	+1
175	176	849.0	-1
543	1137	481.0	+1
998	1200	26.0	+1
551	299	473.0	+1
571	1203	453.0	+1
1647	952	623.0	+1
44	1109	980.0	-1
1182	713	158.0	+1
306	1129	718.0	-1
622	81	402.0	+1
1943	748	919.0	-1
1092	490	68.0	+1
1351	718	327.0	+1
53	243	971.0	-1
2032	982	1008.0	-1
216	675	808.0	-1
2040	851	1016.0	-1
1103	692	79.0	+1
468	284	556.0	+1
765	702	259.0	+1
1129	972	105.0	+1
89	1118	935.0	-1
1511	934	487.0	+1
1543	850	519.0	+1
1229	437	205.0	+1
1177	916	153.0	+1
912	621	112.0	+1
1201	31	177.0	+1
1783	221	759.0	-1
439	824	585.0	+1
1675	477	651.0	+1
1089	168	65.0	+1
632	647	392.0	+1
1129	777	105.0	+1
1406	682	382.0	+1
837	818	187.0	+1
1532	723	508.0	+1
491	1010	533.0	+1
1822	806	798.0	-1
866	181	158.0	+1
1727	890	703.0	-1
1319	1066	295.0	+1
1259	282	235.0	+1
1999	523	975.0	-1
1240	573	216.0	+1
527	670	497.0	+1
558	652	466.0	+1
1221	869	197.0	+1
186	420	838.0	-1
1610	1131	586.0	+1
1057	797	33.0	+1
1775	1088	751.0	-1
669	599	355.0	+1
1072	430	48.0	+1
1077	19	53.0	+1
1279	535	255.0	+1
713	476	311.0	+1
1906	1194	882.0	-1
2044	388	1020.0	-1
226	869	798.0	-1
616	295	408.0	+1
282	95	742.0	-1
799	735	225.0	+1
402	933	622.0	+1
1895	327	871.0	-1
835	396	189.0	+1
1672	220	648.0	+1
607	242	417.0	+1
774	802	250.0	+1
1014	823	10.0	+1
1397	340	373.0	+1
169	812	855.0	-1
557	1152	467.0	+1
419	251	605.0	+1
1133	736	109.0	+1
1330	1149	306.0	+1
38	475	986.0	-1
837	525	187.0	+1
2042	466	1018.0	-1
743	274	281.0	+1
76	368	948.0	-1
471	460	553.0	+1
246	152	778.0	-1
442	669	582.0	+1
358	429	666.0	+1
191	554	833.0	-1
648	101	376.0	+1
325	974	699.0	+1
1465	685	441.0	+1
1800	1012	776.0	-1
621	377	403.0	+1
1077	860	53.0	+1
1408	135	384.0	+1
931	729	93.0	+1
1765	337	741.0	-1
793	845	231.0	+1
1644	82	620.0	+1
955	569	69.0	+1
1701	320	677.0	+1
760	279	264.0	+1
473	1075	551.0	+1
756	151	268.0	+1
1646	139	622.0	+1
568	588	456.0	+1
1242	963	218.0	+1
703	816	321.0	+1
1390	606	366.0	+1
1163	979	139.0	+1
203	325	821.0	-1
1857	907	833.0	-1
1355	607	331.0	+1
1367	558	343.0	+1
278	435	746.0	-1
1569	52	545.0	+1
1218	292	194.0	+1
1727	662	703.0	-1
733	15	291.0	+1
1376	1128	352.0	+1
1026	296	2.0	+1
658	1033	366.0	+1
1465	570	441.0	+1
1699	952	675.0	+1
109	486	915.0	-1
441	729	583.0	+1
320	523	704.0	-1
1479	636	455.0	+1
553	912	471.0	+1
1600	899	576.0	+1
517	1208	507.0	+1
74	530	950.0	-1
250	917	774.0	-1
1030	521	6.0	+1
469	319	555.0	+1
1523	175	499.0	+1
1796	459	772.0	-1
1030	1057	6.0	+1
606	177	418.0	+1
641	29	383.0	+1
1976	114	952.0	-1
1714	598	690.0	+1
1792	120	768.0	-1
868	1032	156.0	+1
1751	1069	727.0	-1
569	902	455.0	+1
648	571	376.0	+1
1120	938	96.0	+1
1926	441	902.0	-1
639	529	385.0	+1
1940	811	916.0	-1
465	41	559.0	+1
1451	681	427.0	+1
418	858	606.0	+1
1753	713	729.0	-1
1944	1131	920.0	-1
1097	69	73.0	+1
295	72	729.0	-1
1313	720	289.0	+1
2039	768	1015.0	-1
608	55	416.0	+1
1422	1160	398.0	+1
944	1110	80.0	+1
1687	541	663.0	+1
1222	486	198.0	+1
1998	765	974.0	-1
235	531	789.0	-1
167	1188	857.0	-1
1728	984	704.0	-1
602	720	422.0	+1
1147	978	123.0	+1
1118	519	94.0	+1
1185	89	161.0	+1
411	392	613.0	+1
457	148	567.0	+1
1933	1170	909.0	-1
869	1037	155.0	+1
604	277	420.0	+1
1419	1013	395.0	+1
1690	849	666.0	+1
1633	616	609.0	+1
896	1055	128.0	+1
1863	65	839.0	-1
832	404	192.0	+1
64	226	960.0	-1
850	891	174.0	+1
1548	191	524.0	+1
1165	1066	141.0	+1
1831	14	807.0	-1
1092	814	68.0	+1
67	648	957.0	-1
29	309	995.0	-1
1147	1199	123.0	+1
67	149	957.0	-1
349	221	675.0	+1
1850	921	826.0	-1
2030	330	1006.0	-1
1486	1194	462.0	+1
1359	355	335.0	+1
371	600	653.0	+1
649	743	375.0	+1
1523	874	499.0	+1
275	1200	749.0	-1
379	1163	645.0	+1
541	1164	483.0	+1
1716	1115	692.0	+1
300	275	724.0	-1
148	1029	876.0	-1
1827	1003	803.0	-1
476	25	548.0	+1
753	247	271.0	+1
105	91	919.0	-1
1830	595	806.0	-1
1323	425	299.0	+1
913	811	111.0	+1
837	800	187.0	+1
1033	1111	9.0	+1
1480	1176	456.0	+1
30	384	994.0	-1
1719	1052	695.0	+1
1295	263	271.0	+1
1604	21	580.0	+1
1181	924	157.0	+1
1313	683	289.0	+1
312	675	712.0	-1
1022	621	2.0	+1
1247	720	223.0	+1
1915	162	891.0	-1
919	645	105.0	+1
1686	440	662.0	+1
302	978	722.0	-1
358	971	666.0	+1
378	753	646.0	+1
548	824	476.0	+1
537	109	487.0	+1
1775	448	751.0	-1
2001	828	977.0	-1
846	1112	178.0	+1
610	746	414.0	+1
1232	875	208.0	+1
245	319	779.0	-1
708	662	316.0	+1
1002	552	22.0	+1
436	419	588.0	+1
1517	393	493.0	+1
1203	346	179.0	+1
1178	292	154.0	+1
231	424	793.0	-1
1702	1192	678.0	+1
1936	980	912.0	-1
676	573	348.0	+1
1310	205	286.0	+1
773	63	251.0	+1
1322	45	298.0	+1
1077	784	53.0	+1
1129	134	105.0	+1
885	625	139.0	+1
96	1043	928.0	-1
1374	681	350.0	+1
1301	641	277.0	+1
690	550	334.0	+1
434	23	590.0	+1
89	173	935.0	-1
1600	106	576.0	+1
945	895	79.0	+1
1276	689	252.0	+1
1919	838	895.0	-1
1541	136	517.0	+1
1573	526	549.0	+1
760	1143	264.0	+1
1543	860	519.0	+1
665	515	359.0	+1
455	1136	569.0	+1
433	202	591.0	+1
1142	492	118.0	+1
890	565	134.0	+1
1188	1051	164.0	+1
2037	300	1013.0	-1
1996	564	972.0	-1
925	893	99.0	+1
745	145	279.0	+1
192	1143	832.0	-1
1774	1135	750.0	-1
1505	884	481.0	+1
1817	952	793.0	-1
1323	725	299.0	+1
76	1162	948.0	-1
351	771	673.0	+1
128	319	896.0	-1
1194	762	170.0	+1
715	693	309.0	+1
1017	54	7.0	+1
653	846	371.0	+1
1415	587	391.0	+1
2046	18	1022.0	-1
1650	916	626.0	+1
803	728	221.0	+1
353	870	671.0	+1
815	974	209.0	+1
1661	719	637.0	+1
1875	893	851.0	-1
997	995	27.0	+1
80	386	944.0	-1
200	1029	824.0	-1
1502	489	478.0	+1
1139	84	115.0	+1
2001	1070	977.0	-1
1679	588	655.0	+1
1187	857	163.0	+1
1622	619	598.0	+1
131	1172	893.0	-1
83	1048	941.0	-1
669	1044	355.0	+1
1564	655	540.0	+1
1784	969	760.0	-1
372	45	652.0	+1
630	330	394.0	+1
1553	415	529.0	+1
659	786	365.0	+1
1773	111	749.0	-1
620	1164	404.0	+1
1890	609	866.0	-1
848	1055	176.0	+1
1552	163	528.0	+1
1389	1002	365.0	+1
310	870	714.0	-1
86	324	938.0	-1
1823	906	799.0	-1
1643	627	619.0	+1
826	599	198.0	+1
1782	464	758.0	-1
720	826	304.0	+1
638	942	386.0	+1
1359	48	335.0	+1
822	60	202.0	+1
316	715	708.0	-1
48	921	976.0	-1
687	455	337.0	+1
1775	38	751.0	-1
1121	448	97.0	+1
571	390	453.0	+1
940	1002	84.0	+1
706	630	318.0	+1
103	585	921.0	-1
612	93	412.0	+1
1585	833	561.0	+1
1118	84	94.0	+1
2019	348	995.0	-1
1400	1130	376.0	+1
668	958	356.0	+1
93	1082	931.0	-1
773	1162	251.0	+1
1122	1062	98.0	+1
2038	159	1014.0	-1
707	488	317.0	+1
1276	57	252.0	+1
1815	91	791.0	-1
129	628	895.0	-1
87	889	937.0	-1
1059	208	35.0	+1
1440	771	416.0	+1
1417	445	393.0	+1
1147	100	123.0	+1
1649	579	625.0	+1
191	1206	833.0	-1
2003	580	979.0	-1
688	1173	336.0	+1
1367	1074	343.0	+1
1964	747	940.0	-1
130	621	894.0	-1
229	1098	795.0	-1
440	90	584.0	+1
588	567	436.0	+1
1308	546	284.0	+1
2016	656	992.0	-1
687	333	337.0	+1
1918	973	894.0	-1
130	72	894.0	-1
334	59	690.0	+1
24	906	1000.0	-1
1468	1130	444.0	+1
484	801	540.0	+1
2000	442	976.0	-1
1054	926	30.0	+1
240	25	784.0	-1
603	160	421.0	+1
1046	20	22.0	+1
1498	642	474.0	+1
871	463	153.0	+1
424	209	600.0	+1
871	398	153.0	+1
526	188	498.0	+1
293	455	731.0	-1
658	260	366.0	+1
1839	313	815.0	-1
1550	400	526.0	+1
1082	1105	58.0	+1
2012	428	988.0	-1
737	600	287.0	+1
1160	931	136.0	+1
1686	417	662.0	+1
802	1021	222.0	+1
1376	303	352.0	+1
885	1065	139.0	+1
466	998	558.0	+1
2043	521	1019.0	-1
1342	961	318.0	+1
1657	407	633.0	+1
1954	315	930.0	-1
1694	1064	670.0	+1
888	1165	136.0	+1
280	486	744.0	-1
1586	807	562.0	+1
697	580	327.0	+1
1814	961	790.0	-1
185	1093	839.0	-1
609	7	415.0	+1
1200	400	176.0	+1
1228	1087	204.0	+1
1798	939	774.0	-1
1761	779	737.0	-1
1358	441	334.0	+1
271	497	753.0	-1
558	1151	466.0	+1
634	125	390.0	+1
1534	1070	510.0	+1
61	264	963.0	-1
468	108	556.0	+1
303	258	721.0	-1
508	546	516.0	+1
72	724	952.0	-1
1219	596	195.0	+1
977	687	47.0	+1
1920	642	896.0	-1
278	733	746.0	-1
1373	1141	349.0	+1
1915	1073	891.0	-1
692	142	332.0	+1
1272	440	248.0	+1
144	1100	880.0	-1
719	229	305.0	+1
1868	76	844.0	-1
258	999	766.0	-1
1351	1027	327.0	+1
303	546	721.0	-1
266	493	758.0	-1
1426	874	402.0	+1
226	797	798.0	-1
1288	180	264.0	+1
1760	315	736.0	-1
619	300	405.0	+1
2008	756	984.0	-1
321	290	703.0	-1
93	384	931.0	-1
1707	437	683.0	+1
138	334	886.0	-1
1806	71	782.0	-1
248	1202	776.0	-1
1153	892	129.0	+1
432	760	592.0	+1
270	109	754.0	-1
339	709	685.0	+1
503	206	521.0	+1
1291	247	267.0	+1
1592	1080	568.0	+1
747	809	277.0	+1
1078	719	54.0	+1
722	174	302.0	+1
1850	139	826.0	-1
1957	1169	933.0	-1
152	1091	872.0	-1
569	428	455.0	+1
1820	458	796.0	-1
935	855	89.0	+1
1911	726	887.0	-1
1961	507	937.0	-1
1151	594	127.0	+1
1346	412	322.0	+1
1809	687	785.0	-1
436	622	588.0	+1
920	1024	104.0	+1
1095	1107	71.0	+1
490	316	534.0	+1
622	22	402.0	+1
529	992	495.0	+1
2018	251	994.0	-1
798	544	226.0	+1
997	1159	27.0	+1
1301	645	277.0	+1
83	1	941.0	-1
1141	965	117.0	+1
911	717	113.0	+1
1924	986	900.0	-1
2034	381	1010.0	-1
1474	871	450.0	+1
498	1039	526.0	+1
489	1092	535.0	+1
1456	779	432.0	+1
733	615	291.0	+1
409	203	615.0	+1
2004	414	980.0	-1
516	646	508.0	+1
1477	77	453.0	+1
568	490	456.0	+1
1675	572	651.0	+1
1601	869	577.0	+1
1214	672	190.0	+1
808	710	216.0	+1
1911	92	887.0	-1
1455	296	431.0	+1
249	1085	775.0	-1
726	833	298.0	+1
1395	211	371.0	+1
1869	883	845.0	-1
295	344	729.0	-1
1894	853	870.0	-1
1849	353	825.0	-1
1781	988	757.0	-1
1153	1118	129.0	+1
1990	900	966.0	-1
597	348	427.0	+1
1196	638	172.0	+1
1575	737	551.0	+1
932	520	92.0	+1
404	680	620.0	+1
314	1109	710.0	-1
1648	305	624.0	+1
1048	458	24.0	+1
1948	484	924.0	-1
1984	928	960.0	-1
1927	141	903.0	-1
1692	973	668.0	+1
628	476	396.0	+1
1219	960	195.0	+1
1272	333	248.0	+1
2004	757	980.0	-1
1756	31	732.0	-1
1096	955	72.0	+1
519	1095	505.0	+1
977	711	47.0	+1
779	69	245.0	+1
477	912	547.0	+1
383	1160	641.0	+1
1539	1122	515.0	+1
1787	954	763.0	-1
1808	1034	784.0	-1
600	332	424.0	+1
932	193	92.0	+1
1421	157	397.0	+1
1688	509	664.0	+1
2008	428	984.0	-1
114	538	910.0	-1
1274	300	250.0	+1
1159	1064	135.0	+1
296	1040	728.0	-1
1704	779	680.0	+1
1698	628	674.0	+1
1597	702	573.0	+1
1007	557	17.0	+1
176	114	848.0	-1
1526	1088	502.0	+1
1868	162	844.0	-1
1920	899	896.0	-1
1195	642	171.0	+1
1089	1214	65.0	+1
878	765	146.0	+1
556	810	468.0	+1
2003	180	979.0	-1
859	984	165.0	+1
165	681	859.0	-1
193	820	831.0	-1
535	381	489.0	+1
982	647	42.0	+1
2046	1206	1022.0	-1
216	577	808.0	-1
135	665	889.0	-1
1000	1196	24.0	+1
1792	754	768.0	-1
379	594	645.0	+1
22	1008	1002.0	-1
872	1052	152.0	+1
1945	1177	921.0	-1
707	302	317.0	+1
244	331	780.0	-1
1640	500	616.0	+1
122	1075	902.0	-1
1150	250	126.0	+1
1562	365	538.0	+1
906	240	118.0	+1
1062	1094	38.0	+1
1414	136	390.0	+1
1027	483	3.0	+1
1236	415	212.0	+1
365	930	659.0	+1
343	679	681.0	+1
1342	430	318.0	+1
490	1144	534.0	+1
1293	785	269.0	+1
1939	391	915.0	-1
900	814	124.0	+1
184	426	840.0	-1
286	88	738.0	-1
392	1043	632.0	+1
23	557	1001.0	-1
1591	1002	567.0	+1
1100	846	76.0	+1
1128	838	104.0	+1
1733	908	709.0	-1
918	140	106.0	+1
134	389	890.0	-1
971	520	53.0	+1
880	666	144.0	+1
1332	1060	308.0	+1
1653	568	629.0	+1
1839	1079	815.0	-1
795	553	229.0	+1
14	47	1010.0	-1
326	1165	698.0	+1
1690	71	666.0	+1
1669	984	645.0	+1
1968	34	944.0	-1
1171	705	147.0	+1
1542	887	518.0	+1
1516	807	492.0	+1
676	152	348.0	+1
1217	1166	193.0	+1
1357	229	333.0	+1
825	1061	199.0	+1
1340	536	316.0	+1
266	204	758.0	-1
578	903	446.0	+1
440	802	584.0	+1
726	903	298.0	+1
1401	522	377.0	+1
1307	936	283.0	+1
218	1082	806.0	-1
1117	820	93.0	+1
614	640	410.0	+1
1018	761	6.0	+1
438	153	586.0	+1
1879	205	855.0	-1
1697	210	673.0	+1
305	30	719.0	-1
1524	306	500.0	+1
1028	463	4.0	+1
313	775	711.0	-1
267	514	757.0	-1
384	101	640.0	+1
566	87	458.0	+1
2046	474	1022.0	-1
1860	673	836.0	-1
1983	1114	959.0	-1
1042	224	18.0	+1
2047	476	1023.0	-1
508	591	516.0	+1
99	510	925.0	-1
949	374	75.0	+1
1554	1125	530.0	+1
1999	598	975.0	-1
1962	728	938.0	-1
1202	982	178.0	+1
1551	653	527.0	+1
235	695	789.0	-1
461	1044	563.0	+1
1180	846	156.0	+1
158	910	866.0	-1
1867	836	843.0	-1
403	364	621.0	+1
1626	863	602.0	+1
182	817	842.0	-1
234	787	790.0	-1
1645	598	621.0	+1
714	789	310.0	+1
906	718	118.0	+1
1973	111	949.0	-1
1840	1126	816.0	-1
1570	918	546.0	+1
1895	997	871.0	-1
1526	283	502.0	+1
899	273	125.0	+1
1241	987	217.0	+1
40	1115	984.0	-1
916	1007	108.0	+1
1836	1187	812.0	-1
1114	815	90.0	+1
540	486	484.0	+1
2019	455	995.0	-1
2039	930	1015.0	-1
903	135	121.0	+1
1778	793	754.0	-1
1501	792	477.0	+1
144	655	880.0	-1
1290	407	266.0	+1
747	770	277.0	+1
1161	693	137.0	+1
170	2	854.0	-1
455	1019	569.0	+1
954	414	70.0	+1
1007	890	17.0	+1
1256	104	232.0	+1
1076	179	52.0	+1
1491	839	467.0	+1
1888	280	864.0	-1
1943	1098	919.0	-1
1576	830	552.0	+1
88	816	936.0	-1
239	8	785.0	-1
1473	980	449.0	+1
417	5	607.0	+1
978	156	46.0	+1
1778	626	754.0	-1
849	340	175.0	+1
623	1035	401.0	+1
990	648	34.0	+1
987	631	37.0	+1
1025	566	1.0	+1
498	794	526.0	+1
60	518	964.0	-1
601	752	423.0	+1
1621	50	597.0	+1
32	804	992.0	-1
1636	37	612.0	+1
901	584	123.0	+1
410	24	614.0	+1
1233	542	209.0	+1
368	796	656.0	+1
787	1018	237.0	+1
1984	979	960.0	-1
703	323	321.0	+1
863	175	161.0	+1
1491	1210	467.0	+1
44	597	980.0	-1
507	914	517.0	+1
2018	724	994.0	-1
377	9	647.0	+1
256	1172	768.0	-1
661	475	363.0	+1
1695	1146	671.0	+1
382	806	642.0	+1
280	1007	744.0	-1
240	684	784.0	-1
134	1037	890.0	-1
1049	170	25.0	+1
1510	711	486.0	+1
1218	296	194.0	+1
499	659	525.0	+1
927	629	97.0	+1
1410	901	386.0	+1
274	59	750.0	-1
432	928	592.0	+1
1099	401	75.0	+1
1734	911	710.0	-1
1883	1187	859.0	-1
888	277	136.0	+1
1106	1212	82.0	+1
1767	925	743.0	-1
509	106	515.0	+1
860	176	164.0	+1
1073	348	49.0	+1
1556	233	532.0	+1
614	424	410.0	+1
1702	500	678.0	+1
1968	1117	944.0	-1
680	1208	344.0	+1
1495	53	471.0	+1
1526	243	502.0	+1
1152	63	128.0	+1
1298	442	274.0	+1
121	604	903.0	-1
1045	442	21.0	+1
628	799	396.0	+1
1334	397	310.0	+1
364	369	660.0	+1
1191	136	167.0	+1
589	907	435.0	+1
1290	332	266.0	+1
961	1137	63.0	+1
1552	1066	528.0	+1
901	1186	123.0	+1
843	71	181.0	+1
2005	423	981.0	-1
553	173	471.0	+1
1837	516	813.0	-1
1205	873	181.0	+1
1596	244	572.0	+1
495	370	529.0	+1
1466	287	442.0	+1
461	244	563.0	+1
374	460	650.0	+1
306	332	718.0	-1
2026	449	1002.0	-1
824	945	200.0	+1
1515	946	491.0	+1
82	779	942.0	-1
1815	1129	791.0	-1
1752	1142	728.0	-1
25	924	999.0	-1
886	860	138.0	+1
29	498	995.0	-1
1111	821	87.0	+1
1994	235	970.0	-1
48	690	976.0	-1
1228	888	204.0	+1
116	1201	908.0	-1
1010	987	14.0	+1
1106	920	82.0	+1
743	109	281.0	+1
859	457	165.0	+1
1930	1007	906.0	-1
1867	860	843.0	-1
223	112	801.0	-1
1944	88	920.0	-1
177	609	847.0	-1
1881	58	857.0	-1
1927	1084	903.0	-1
1792	485	768.0	-1
1753	564	729.0	-1
1903	1102	879.0	-1
286	829	738.0	-1
316	1033	708.0	-1
1886	21	862.0	-1
261	698	763.0	-1
96	305	928.0	-1
85	500	939.0	-1
1900	715	876.0	-1
1726	1197	702.0	-1
93	759	931.0	-1
1982	957	958.0	-1
1989	377	965.0	-1
10	971	1014.0	-1
1764	449	740.0	-1
1769	798	745.0	-1
259	436	765.0	-1
1978	678	954.0	-1
76	19	948.0	-1
210	192	814.0	-1
1827	1058	803.0	-1
1857	457	833.0	-1
13	7	1011.0	-1
138	921	886.0	-1
1807	153	783.0	-1
165	125	859.0	-1
274	1210	750.0	-1
1945	714	921.0	-1
211	14	813.0	-1
267	341	757.0	-1
1925	885	901.0	-1
1879	1012	855.0	-1
1967	548	943.0	-1
130	534	894.0	-1
1947	756	923.0	-1
1819	88	795.0	-1
1746	850	722.0	-1
292	791	732.0	-1
1878	316	854.0	-1
1763	295	739.0	-1
1772	936	748.0	-1
86	28	938.0	-1
44	272	980.0	-1
1813	429	789.0	-1
1989	705	965.0	-1
1942	447	918.0	-1
1739	1160	715.0	-1
1982	213	958.0	-1
1846	1154	822.0	-1
1843	788	819.0	-1
1963	611	939.0	-1
23	247	1001.0	-1
1837	434	813.0	-1
1760	538	736.0	-1
10	689	1014.0	-1
1842	744	818.0	-1
1921	439	897.0	-1
126	1194	898.0	-1
1984	918	960.0	-1
170	1053	854.0	-1
21	53	1003.0	-1
1802	1078	778.0	-1
1938	832	914.0	-1
68	449	956.0	-1
1830	1178	806.0	-1
314	774	710.0	-1
2004	10	980.0	-1
216	517	808.0	-1
2038	1193	1014.0	-1
1872	1095	848.0	-1
245	867	779.0	-1
1919	1073	895.0	-1
1927	754	903.0	-1
203	1152	821.0	-1
1971	118	947.0	-1
1812	626	788.0	-1
205	62	819.0	-1
161	620	863.0	-1
22	337	1002.0	-1
1802	1197	778.0	-1
1746	834	722.0	-1
1911	139	887.0	-1
320	395	704.0	-1
1752	209	728.0	-1
1746	671	722.0	-1
2022	643	998.0	-1
139	1175	885.0	-1
1913	1042	889.0	-1
1992	379	968.0	-1
1953	1046	929.0	-1
1772	988	748.0	-1
127	774	897.0	-1
1969	1164	945.0	-1
269	772	755.0	-1
246	543	778.0	-1
1901	581	877.0	-1
1926	167	902.0	-1
2001	450	977.0	-1
1904	983	880.0	-1
45	189	979.0	-1
90	470	934.0	-1
267	902	757.0	-1
1778	533	754.0	-1
1736	97	712.0	-1
164	62	860.0	-1
1761	909	737.0	-1
150	548	874.0	-1
23	308	1001.0	-1
5	415	1019.0	-1
61	1178	963.0	-1
1924	977	900.0	-1
106	214	918.0	-1
196	42	828.0	-1
189	1136	835.0	-1
280	79	744.0	-1
1940	130	916.0	-1
184	924	840.0	-1
134	969	890.0	-1
1996	1156	972.0	-1
156	487	868.0	-1
1876	511	852.0	-1
67	242	957.0	-1
22	196	1002.0	-1
1783	225	759.0	-1
287	9	737.0	-1
218	263	806.0	-1
1862	127	838.0	-1
1811	263	787.0	-1
245	310	779.0	-1
1916	1022	892.0	-1
302	501	722.0	-1
1927	271	903.0	-1
282	540	742.0	-1
1908	763	884.0	-1
80	650	944.0	-1
107	1025	917.0	-1
1847	111	823.0	-1
315	248	709.0	-1
1930	976	906.0	-1
2014	622	990.0	-1
284	686	740.0	-1
313	423	711.0	-1
2042	228	1018.0	-1
85	101	939.0	-1
126	4	898.0	-1
25	665	999.0	-1
133	1210	891.0	-1
50	146	974.0	-1
1733	1162	709.0	-1
315	953	709.0	-1
1748	376	724.0	-1
269	140	755.0	-1
191	940	833.0	-1
1835	913	811.0	-1
1876	671	852.0	-1
15	705	1009.0	-1
2012	1076	988.0	-1
1771	926	747.0	-1
96	13	928.0	-1
1931	550	907.0	-1
273	153	751.0	-1
174	329	850.0	-1
200	810	824.0	-1
151	746	873.0	-1
90	11	934.0	-1
2	647	1022.0	-1
158	1200	866.0	-1
128	436	896.0	-1
255	226	769.0	-1
53	137	971.0	-1
294	343	730.0	-1
1755	841	731.0	-1
1854	1134	830.0	-1
113	1046	911.0	-1
47	1129	977.0	-1
1913	565	889.0	-1
2036	44	1012.0	-1
218	732	806.0	-1
1889	689	865.0	-1
16	732	1008.0	-1
138	439	886.0	-1
142	583	882.0	-1
1883	475	859.0	-1
265	685	759.0	-1
1971	218	947.0	-1
1795	690	771.0	-1
2010	579	986.0	-1
153	1001	871.0	-1
1796	1188	772.0	-1
323	720	701.0	-1
301	149	723.0	-1
1990	539	966.0	-1
168	473	856.0	-1
189	473	835.0	-1
322	828	702.0	-1
1976	391	952.0	-1
1879	10	855.0	-1
308	440	716.0	-1
1911	579	887.0	-1
140	1154	884.0	-1
1742	400	718.0	-1
1942	1208	918.0	-1
264	296	760.0	-1
285	761	739.0	-1
1975	20	951.0	-1
1899	133	875.0	-1
1918	509	894.0	-1
2041	954	1017.0	-1
1881	547	857.0	-1
1848	878	824.0	-1
296	1062	728.0	-1
313	553	711.0	-1
58	405	966.0	-1
155	263	869.0	-1
119	464	905.0	-1
1920	261	896.0	-1
1833	702	809.0	-1
2024	788	1000.0	-1
1896	873	872.0	-1
52	849	972.0	-1
2028	1126	1004.0	-1
241	380	783.0	-1
71	40	953.0	-1
85	591	939.0	-1
91	811	933.0	-1
1754	649	730.0	-1
199	563	825.0	-1
238	1118	786.0	-1
105	296	919.0	-1
152	534	872.0	-1
303	144	721.0	-1
2036	162	1012.0	-1
322	730	702.0	-1
89	89	935.0	-1
1735	887	711.0	-1
1766	692	742.0	-1
1969	36	945.0	-1
1853	672	829.0	-1
55	378	969.0	-1
1850	6	826.0	-1
1785	392	761.0	-1
1969	964	945.0	-1
166	140	858.0	-1
45	644	979.0	-1
1	326	1023.0	-1
1776	220	752.0	-1
1758	84	734.0	-1
266	299	758.0	-1
1975	490	951.0	-1
1829	399	805.0	-1
256	285	768.0	-1
1767	1189	743.0	-1
1787	395	763.0	-1
2039	25	1015.0	-1
1923	58	899.0	-1
53	1031	971.0	-1
202	28	822.0	-1
229	962	795.0	-1
144	1195	880.0	-1
1956	146	932.0	-1
290	469	734.0	-1
1927	433	903.0	-1
1742	978	718.0	-1
1850	798	826.0	-1
1953	347	929.0	-1
1758	726	734.0	-1
1870	732	846.0	-1
1768	477	744.0	-1
1732	502	708.0	-1
1919	846	895.0	-1
306	330	718.0	-1
139	648	885.0	-1
306	199	718.0	-1
1956	747	932.0	-1
1897	663	873.0	-1
2	939	1022.0	-1
1768	1078	744.0	-1
1943	1214	919.0	-1
143	838	881.0	-1
2028	849	1004.0	-1
2034	541	1010.0	-1
1839	534	815.0	-1
147	1109	877.0	-1
250	843	774.0	-1
313	360	711.0	-1
1741	929	717.0	-1
17	40	1007.0	-1
1856	1092	832.0	-1
213	1080	811.0	-1
1796	75	772.0	-1
1980	675	956.0	-1
1818	227	794.0	-1
102	1095	922.0	-1
1969	633	945.0	-1
1899	427	875.0	-1
319	463	705.0	-1
262	786	762.0	-1
8	347	1016.0	-1
25	513	999.0	-1
1967	249	943.0	-1
272	642	752.0	-1
1979	297	955.0	-1
281	327	743.0	-1
1818	551	794.0	-1
128	222	896.0	-1
172	212	852.0	-1
279	654	745.0	-1
1839	47	815.0	-1
2024	277	1000.0	-1
1988	1200	964.0	-1
67	523	957.0	-1
1742	274	718.0	-1
1987	752	963.0	-1
18	899	1006.0	-1
1859	307	835.0	-1
1772	232	748.0	-1
281	802	743.0	-1
2018	383	994.0	-1
199	734	825.0	-1
129	1056	895.0	-1
1880	1089	856.0	-1
208	138	816.0	-1
1850	1163	826.0	-1
196	578	828.0	-1
1939	296	915.0	-1
160	793	864.0	-1
1800	49	776.0	-1
210	105	814.0	-1
1931	1065	907.0	-1
1901	1114	877.0	-1
1942	769	918.0	-1
49	468	975.0	-1
81	869	943.0	-1
1870	32	846.0	-1
36	1132	988.0	-1
1739	223	715.0	-1
1800	1036	776.0	-1
237	183	787.0	-1
49	763	975.0	-1
150	381	874.0	-1
1728	1161	704.0	-1
191	503	833.0	-1
167	115	857.0	-1
129	215	895.0	-1
1900	950	876.0	-1
1858	1028	834.0	-1
174	618	850.0	-1
1878	180	854.0	-1
30	768	994.0	-1
120	201	904.0	-1
99	133	925.0	-1
42	798	982.0	-1
33	64	991.0	-1
79	536	945.0	-1
2004	180	980.0	-1
102	939	922.0	-1
309	574	715.0	-1
147	519	877.0	-1
1966	1180	942.0	-1
120	517	904.0	-1
270	170	754.0	-1
220	855	804.0	-1
1879	263	855.0	-1
1971	52	947.0	-1
2047	347	1023.0	-1
1842	142	818.0	-1
264	49	760.0	-1
53	306	971.0	-1
184	76	840.0	-1
1953	983	929.0	-1
44	207	980.0	-1
181	193	843.0	-1
121	252	903.0	-1
1882	127	858.0	-1
171	588	853.0	-1
249	1190	775.0	-1
211	348	813.0	-1
240	959	784.0	-1
5	141	1019.0	-1
314	593	710.0	-1
1988	619	964.0	-1
248	655	776.0	-1
1960	1215	936.0	-1
288	1074	736.0	-1
183	472	841.0	-1
1989	1167	965.0	-1
1969	991	945.0	-1
231	508	793.0	-1
38	170	986.0	-1
1781	590	757.0	-1
128	383	896.0	-1
1793	59	769.0	-1
1797	768	773.0	-1
2007	909	983.0	-1
268	161	756.0	-1
1816	407	792.0	-1
122	41	902.0	-1
129	757	895.0	-1
119	943	905.0	-1
1923	277	899.0	-1
242	892	782.0	-1
161	45	863.0	-1
1928	1172	904.0	-1
1822	480	798.0	-1
1943	1211	919.0	-1
1914	1119	890.0	-1
1871	504	847.0	-1
149	398	875.0	-1
176	192	848.0	-1
50	825	974.0	-1
216	725	808.0	-1
305	151	719.0	-1
1897	1146	873.0	-1
162	109	862.0	-1
1749	983	725.0	-1
1759	175	735.0	-1
211	470	813.0	-1
138	915	886.0	-1
60	351	964.0	-1
31	681	993.0	-1
254	118	770.0	-1
1727	450	703.0	-1
100	886	924.0	-1
1955	785	931.0	-1
125	503	899.0	-1
21	177	1003.0	-1
292	1169	732.0	-1
115	89	909.0	-1
1955	180	931.0	-1
312	117	712.0	-1
1890	873	866.0	-1
270	1202	754.0	-1
1951	84	927.0	-1
171	1141	853.0	-1
1878	1163	854.0	-1
112	968	912.0	-1
26	24	998.0	-1
1890	837	866.0	-1
105	243	919.0	-1
1826	146	802.0	-1
184	61	840.0	-1
148	1173	876.0	-1
292	917	732.0	-1
1895	233	871.0	-1
1918	1067	894.0	-1
1730	1055	706.0	-1
1807	1193	783.0	-1
1970	142	946.0	-1
1786	449	762.0	-1
302	1109	722.0	-1
1832	679	808.0	-1
122	369	902.0	-1
47	808	977.0	-1
1753	398	729.0	-1
1827	277	803.0	-1
1930	165	906.0	-1
81	3	943.0	-1
121	1098	903.0	-1
1817	257	793.0	-1
321	1181	703.0	-1
1823	898	799.0	-1
1811	285	787.0	-1
105	606	919.0	-1
277	381	747.0	-1
230	734	794.0	-1
1901	200	877.0	-1
1924	811	900.0	-1
97	696	927.0	-1
1829	545	805.0	-1
116	384	908.0	-1
1843	521	819.0	-1
254	817	770.0	-1
1834	54	810.0	-1
2046	1066	1022.0	-1
306	814	718.0	-1
1999	573	975.0	-1
183	86	841.0	-1
1905	1042	881.0	-1
145	924	879.0	-1
1873	1045	849.0	-1
186	829	838.0	-1
2019	50	995.0	-1
1914	1170	890.0	-1
1905	75	881.0	-1
311	354	713.0	-1
1843	235	819.0	-1
103	919	921.0	-1
1869	1137	845.0	-1
1976	1140	952.0	-1
95	147	929.0	-1
1760	262	736.0	-1
191	1099	833.0	-1
1853	2	829.0	-1
117	206	907.0	-1
288	704	736.0	-1
1751	1195	727.0	-1
1821	543	797.0	-1
1780	1066	756.0	-1
1819	864	795.0	-1
291	31	733.0	-1
186	1212	838.0	-1
119	105	905.0	-1
1826	682	802.0	-1
136	715	888.0	-1
1875	1013	851.0	-1
1891	380	867.0	-1
120	840	904.0	-1
1905	1207	881.0	-1
91	532	933.0	-1
1807	489	783.0	-1
2045	610	1021.0	-1
1941	925	917.0	-1
25	850	999.0	-1
1958	883	934.0	-1
220	774	804.0	-1
1802	999	778.0	-1
123	1010	901.0	-1
1913	209	889.0	-1
265	564	759.0	-1
241	751	783.0	-1
42	712	982.0	-1
304	194	720.0	-1
249	0	775.0	-1
88	1142	936.0	-1
1905	216	881.0	-1
1731	319	707.0	-1
117	135	907.0	-1
1889	1113	865.0	-1
1868	344	844.0	-1
1835	786	811.0	-1
1858	643	834.0	-1
100	5	924.0	-1
80	1055	944.0	-1
1865	208	841.0	-1
1791	239	767.0	-1
1880	767	856.0	-1
2004	1102	980.0	-1
1769	871	745.0	-1
1977	125	953.0	-1
2038	579	1014.0	-1
1806	169	782.0	-1
2009	190	985.0	-1
1730	119	706.0	-1
216	902	808.0	-1
302	771	722.0	-1
67	1185	957.0	-1
29	1075	995.0	-1
1895	474	871.0	-1
289	642	735.0	-1
1955	580	931.0	-1
42	738	982.0	-1
287	95	737.0	-1
269	536	755.0	-1
162	717	862.0	-1
1825	79	801.0	-1
1761	222	737.0	-1
151	991	873.0	-1
1832	989	808.0	-1
1853	436	829.0	-1
196	877	828.0	-1
1997	695	973.0	-1
185	77	839.0	-1
159	967	865.0	-1
1742	845	718.0	-1
284	1026	740.0	-1
1804	1145	780.0	-1
1883	331	859.0	-1
1783	227	759.0	-1
1836	447	812.0	-1
2044	954	1020.0	-1
1892	184	868.0	-1
298	844	726.0	-1
30	902	994.0	-1
247	934	777.0	-1
1874	170	850.0	-1
1855	346	831.0	-1
79	173	945.0	-1
1866	734	842.0	-1
108	308	916.0	-1
1752	180	728.0	-1
82	866	942.0	-1
321	421	703.0	-1
1756	446	732.0	-1
302	607	722.0	-1
148	324	876.0	-1
1877	359	853.0	-1
1799	735	775.0	-1
1744	163	720.0	-1
1972	1121	948.0	-1
250	21	774.0	-1
1797	384	773.0	-1
84	239	940.0	-1
37	144	987.0	-1
315	324	709.0	-1
1833	107	809.0	-1
34	582	990.0	-1
148	394	876.0	-1
22	638	1002.0	-1
1845	976	821.0	-1
2033	38	1009.0	-1
313	323	711.0	-1
228	1203	796.0	-1
90	1041	934.0	-1
305	86	719.0	-1
248	736	776.0	-1
211	264	813.0	-1
1779	1132	755.0	-1
1887	830	863.0	-1
195	1032	829.0	-1
280	863	744.0	-1
1794	598	770.0	-1
115	454	909.0	-1
2005	440	981.0	-1
2006	6	982.0	-1
1771	994	747.0	-1
65	1014	959.0	-1
1973	53	949.0	-1
78	186	946.0	-1
2036	667	1012.0	-1
1764	756	740.0	-1
1962	176	938.0	-1
1823	1036	799.0	-1
1929	641	905.0	-1
1999	567	975.0	-1
1767	973	743.0	-1
3	23	1021.0	-1
1995	126	971.0	-1
1868	573	844.0	-1
33	691	991.0	-1
211	853	813.0	-1
27	896	997.0	-1
183	111	841.0	-1
226	965	798.0	-1
109	813	915.0	-1
1817	942	793.0	-1
229	1086	795.0	-1
240	188	784.0	-1
2010	871	986.0	-1
1922	652	898.0	-1
1839	240	815.0	-1
265	789	759.0	-1
224	31	800.0	-1
1956	1088	932.0	-1
1867	395	843.0	-1
1866	81	842.0	-1
197	149	827.0	-1
87	942	937.0	-1
81	1054	943.0	-1
1933	119	909.0	-1
217	732	807.0	-1
1976	311	952.0	-1
165	369	859.0	-1
1986	1099	962.0	-1
95	1169	929.0	-1
322	875	702.0	-1
78	927	946.0	-1
12	519	1012.0	-1
1805	775	781.0	-1
1816	265	792.0	-1
194	796	830.0	-1
7	584	1017.0	-1
1993	850	969.0	-1
1926	835	902.0	-1
173	805	851.0	-1
2027	451	1003.0	-1
1977	669	953.0	-1
177	523	847.0	-1
181	563	843.0	-1
96	789	928.0	-1
297	939	727.0	-1
1802	387	778.0	-1
1934	1137	910.0	-1
1900	443	876.0	-1
1785	1087	761.0	-1
1726	64	702.0	-1
287	461	737.0	-1
267	974	757.0	-1
2029	97	1005.0	-1
2026	428	1002.0	-1
2033	483	1009.0	-1
125	583	899.0	-1
1788	737	764.0	-1
18	618	1006.0	-1
2001	301	977.0	-1
1777	764	753.0	-1
7	976	1017.0	-1
233	930	791.0	-1
2020	950	996.0	-1
150	487	874.0	-1
177	1009	847.0	-1
1866	40	842.0	-1
1749	1071	725.0	-1
221	115	803.0	-1
1727	221	703.0	-1
1806	700	782.0	-1
1832	167	808.0	-1
300	662	724.0	-1
136	736	888.0	-1
251	622	773.0	-1
137	872	887.0	-1
56	260	968.0	-1
153	843	871.0	-1
150	116	874.0	-1
1822	294	798.0	-1
2011	1106	987.0	-1
220	725	804.0	-1
1820	278	796.0	-1
2033	741	1009.0	-1
1999	313	975.0	-1
296	1078	728.0	-1
1876	7	852.0	-1
1834	1209	810.0	-1
27	653	997.0	-1
1745	172	721.0	-1
301	1096	723.0	-1
1823	194	799.0	-1
1816	686	792.0	-1
137	755	887.0	-1
72	763	952.0	-1
1859	559	835.0	-1
2005	531	981.0	-1
270	26	754.0	-1
264	72	760.0	-1
1777	1175	753.0	-1
2036	799	1012.0	-1
52	495	972.0	-1
214	392	810.0	-1
1809	226	785.0	-1
1933	940	909.0	-1
70	1039	954.0	-1
1972	1116	948.0	-1
154	563	870.0	-1
40	227	984.0	-1
49	82	975.0	-1
2006	328	982.0	-1
1808	195	784.0	-1
120	820	904.0	-1
1987	1111	963.0	-1
1943	655	919.0	-1
217	115	807.0	-1
1999	1021	975.0	-1
304	970	720.0	-1
210	903	814.0	-1
269	1112	755.0	-1
278	132	746.0	-1
252	517	772.0	-1
52	358	972.0	-1
1935	472	911.0	-1
1994	428	970.0	-1
36	498	988.0	-1
42	431	982.0	-1
2043	937	1019.0	-1
1951	907	927.0	-1
2047	601	1023.0	-1
290	134	734.0	-1
29	39	995.0	-1
1958	1165	934.0	-1
1899	1040	875.0	-1
177	447	847.0	-1
1792	140	768.0	-1
1961	40	937.0	-1
188	701	836.0	-1
1951	795	927.0	-1
2002	357	978.0	-1
276	180	748.0	-1
1828	29	804.0	-1
6	324	1018.0	-1
2000	272	976.0	-1
2021	423	997.0	-1
1988	1044	964.0	-1
133	785	891.0	-1
64	856	960.0	-1
1944	51	920.0	-1
1794	39	770.0	-1
1833	356	809.0	-1
1983	595	959.0	-1
1815	73	791.0	-1
159	269	865.0	-1
2009	679	985.0	-1
127	1163	897.0	-1
305	447	719.0	-1
0	1071	1024.0	-1
1790	988	766.0	-1
7	177	1017.0	-1
1846	172	822.0	-1
1769	1012	745.0	-1
2020	265	996.0	-1
92	42	932.0	-1
1792	1055	768.0	-1
197	1091	827.0	-1
1826	160	802.0	-1
1890	182	866.0	-1
133	597	891.0	-1
147	292	877.0	-1
103	840	921.0	-1
2029	48	1005.0	-1
1876	113	852.0	-1
1925	485	901.0	-1
2005	1021	981.0	-1
1837	1051	813.0	-1
29	799	995.0	-1
114	354	910.0	-1
1729	823	705.0	-1
1838	187	814.0	-1
1977	106	953.0	-1
132	486	892.0	-1
299	830	725.0	-1
1936	234	912.0	-1
1834	363	810.0	-1
165	910	859.0	-1
12	159	1012.0	-1
76	779	948.0	-1
1956	1030	932.0	-1
2019	872	995.0	-1
1787	954	763.0	-1
1827	888	803.0	-1
1726	544	702.0	-1
1837	1167	813.0	-1
143	527	881.0	-1
224	288	800.0	-1
230	24	794.0	-1
1734	560	710.0	-1
2040	989	1016.0	-1
270	753	754.0	-1
136	931	888.0	-1
1800	154	776.0	-1
24	90	1000.0	-1
26	574	998.0	-1
110	801	914.0	-1
1	674	1023.0	-1
102	1096	922.0	-1
74	1151	950.0	-1
1920	1122	896.0	-1
301	2	723.0	-1
1932	602	908.0	-1
319	105	705.0	-1
288	476	736.0	-1
212	212	812.0	-1
273	371	751.0	-1
307	532	717.0	-1
227	927	797.0	-1
1825	333	801.0	-1
1898	424	874.0	-1
1916	513	892.0	-1
1775	992	751.0	-1
322	1132	702.0	-1
282	224	742.0	-1
212	833	812.0	-1
4	489	1020.0	-1
1874	39	850.0	-1
1838	182	814.0	-1
3	595	1021.0	-1
121	338	903.0	-1
58	916	966.0	-1
1819	132	795.0	-1
79	574	945.0	-1
223	234	801.0	-1
1920	510	896.0	-1
1920	827	896.0	-1
1833	752	809.0	-1
127	121	897.0	-1
1784	376	760.0	-1
1735	1034	711.0	-1
4	742	1020.0	-1
313	1038	711.0	-1
230	998	794.0	-1
1729	144	705.0	-1
1898	274	874.0	-1
1971	998	947.0	-1
1950	20	926.0	-1
1812	759	788.0	-1
1851	301	827.0	-1
1992	986	968.0	-1
1949	543	925.0	-1
222	559	802.0	-1
1803	1181	779.0	-1
75	1147	949.0	-1
147	891	877.0	-1
49	31	975.0	-1
1904	727	880.0	-1
1752	250	728.0	-1
178	1193	846.0	-1
266	1143	758.0	-1
1823	1213	799.0	-1
1978	31	954.0	-1
1835	1098	811.0	-1
1932	334	908.0	-1
183	701	841.0	-1
1872	527	848.0	-1
94	243	930.0	-1
1949	226	925.0	-1
1735	413	711.0	-1
94	602	930.0	-1
8	289	1016.0	-1
237	776	787.0	-1
1967	595	943.0	-1
38	633	986.0	-1
1725	1082	701.0	-1
1925	455	901.0	-1
1973	1007	949.0	-1
2038	680	1014.0	-1
1820	356	796.0	-1
1876	571	852.0	-1
299	282	725.0	-1
241	1206	783.0	-1
1958	14	934.0	-1
207	543	817.0	-1
1938	762	914.0	-1
1997	1148	973.0	-1
300	1002	724.0	-1
1780	506	756.0	-1
1996	993	972.0	-1
1876	751	852.0	-1
3	970	1021.0	-1
1734	322	710.0	-1
1785	85	761.0	-1
300	93	724.0	-1
322	517	702.0	-1
1929	792	905.0	-1
12	767	1012.0	-1
1892	431	868.0	-1
17	369	1007.0	-1
2041	483	1017.0	-1
54	419	970.0	-1
2027	1111	1003.0	-1
50	200	974.0	-1
301	124	723.0	-1
1903	978	879.0	-1
1797	443	773.0	-1
2032	1113	1008.0	-1
1916	24	892.0	-1
292	843	732.0	-1
2001	1106	977.0	-1
118	1205	906.0	-1
1828	912	804.0	-1
1990	352	966.0	-1
190	483	834.0	-1
52	156	972.0	-1
2022	611	998.0	-1
2	423	1022.0	-1
1726	390	702.0	-1
12	68	1012.0	-1
1878	555	854.0	-1
1769	1198	745.0	-1
65	154	959.0	-1
2018	10	994.0	-1
194	676	830.0	-1
117	1051	907.0	-1
1870	124	846.0	-1
1963	110	939.0	-1
95	846	929.0	-1
80	443	944.0	-1
83	615	941.0	-1
1805	288	781.0	-1
127	900	897.0	-1
1818	1136	794.0	-1
299	1071	725.0	-1
45	430	979.0	-1
2021	1147	997.0	-1
181	725	843.0	-1
51	826	973.0	-1
1977	397	953.0	-1
234	76	790.0	-1
1737	1017	713.0	-1
158	962	866.0	-1
89	324	935.0	-1
1733	1149	709.0	-1
315	1156	709.0	-1
2042	715	1018.0	-1
14	1120	1010.0	-1
1849	1177	825.0	-1
31	1148	993.0	-1
1939	514	915.0	-1
65	601	959.0	-1
153	283	871.0	-1
246	438	778.0	-1
1890	726	866.0	-1
1817	1122	793.0	-1
120	1004	904.0	-1
1737	91	713.0	-1
136	373	888.0	-1
165	656	859.0	-1
1835	372	811.0	-1
225	910	799.0	-1
238	282	786.0	-1
1896	1073	872.0	-1
4	313	1020.0	-1
114	1175	910.0	-1
128	15	896.0	-1
94	1029	930.0	-1
293	624	731.0	-1
1920	1122	896.0	-1
1956	302	932.0	-1
1826	714	802.0	-1
177	705	847.0	-1
292	617	732.0	-1
214	46	810.0	-1
212	298	812.0	-1
1825	1055	801.0	-1
1835	344	811.0	-1
1960	848	936.0	-1
1973	566	949.0	-1
1842	861	818.0	-1
111	563	913.0	-1
1796	1099	772.0	-1
1955	503	931.0	-1
1898	257	874.0	-1
1820	904	796.0	-1
1835	288	811.0	-1
1998	664	974.0	-1
2046	1113	1022.0	-1
1768	860	744.0	-1
1861	680	837.0	-1
125	997	899.0	-1
1766	82	742.0	-1
184	468	840.0	-1
1899	593	875.0	-1
313	901	711.0	-1
288	1084	736.0	-1
1870	1	846.0	-1
1758	816	734.0	-1
175	598	849.0	-1
259	22	765.0	-1
78	1044	946.0	-1
5	1157	1019.0	-1
1947	211	923.0	-1
236	730	788.0	-1
316	479	708.0	-1
2020	434	996.0	-1
1865	337	841.0	-1
299	681	725.0	-1
293	170	731.0	-1
16	623	1008.0	-1
275	235	749.0	-1
291	1173	733.0	-1
303	1079	721.0	-1
1913	75	889.0	-1
1903	1047	879.0	-1
266	404	758.0	-1
1935	437	911.0	-1
1769	1051	745.0	-1
1852	910	828.0	-1
225	933	799.0	-1
203	1110	821.0	-1
133	269	891.0	-1
1737	365	713.0	-1
211	254	813.0	-1
3	460	1021.0	-1
1981	587	957.0	-1
1820	163	796.0	-1
4	183	1020.0	-1
163	968	861.0	-1
42	224	982.0	-1
1748	356	724.0	-1
2032	723	1008.0	-1
1980	61	956.0	-1
1988	564	964.0	-1
1910	303	886.0	-1
288	199	736.0	-1
142	1100	882.0	-1
203	1145	821.0	-1
2032	500	1008.0	-1
56	484	968.0	-1
1911	932	887.0	-1
110	915	914.0	-1
309	769	715.0	-1
1845	729	821.0	-1
1859	1034	835.0	-1
1912	406	888.0	-1
20	1192	1004.0	-1
60	1098	964.0	-1
1888	297	864.0	-1
1959	323	935.0	-1
1896	887	872.0	-1
106	1126	918.0	-1
1786	741	762.0	-1
