146	781	506.0	-1
575	878	603.0	-1
589	356	81.0	+1
1254	738	463.0	-1
7	357	82.0	+1
1229	396	121.0	+1
1100	633	358.0	-1
844	869	594.0	-1
39	270	5.0	+1
1069	545	270.0	-1
841	247	28.0	+1
1356	895	620.0	-1
919	557	282.0	-1
29	339	64.0	+1
1319	783	508.0	-1
927	379	104.0	+1
1303	897	622.0	-1
1313	44	231.0	+1
247	830	555.0	-1
1046	534	259.0	-1
167	521	246.0	+1
605	281	6.0	+1
149	694	419.0	-1
136	144	131.0	+1
899	15	260.0	-1
670	352	77.0	+1
1114	66	209.0	+1
1203	366	91.0	+1
366	334	59.0	+1
127	690	415.0	-1
863	491	216.0	+1
170	531	256.0	-1
331	847	572.0	-1
482	144	131.0	+1
1017	329	54.0	+1
248	147	128.0	+1
361	669	394.0	-1
435	647	372.0	-1
279	67	208.0	+1
446	802	527.0	-1
791	73	202.0	+1
277	348	73.0	+1
663	555	280.0	-1
1146	406	131.0	+1
590	562	287.0	-1
1009	722	447.0	-1
428	557	282.0	-1
1321	829	554.0	-1
500	718	443.0	-1
1537	657	382.0	-1
135	172	103.0	+1
905	134	141.0	+1
1404	314	39.0	+1
801	453	178.0	+1
1401	898	623.0	-1
1564	388	113.0	+1
1482	296	21.0	+1
115	223	52.0	+1
1247	222	53.0	+1
1363	594	319.0	-1
219	903	628.0	-1
1414	374	99.0	+1
1354	171	104.0	+1
260	100	175.0	+1
1442	363	88.0	+1
7	724	449.0	-1
581	634	359.0	-1
476	913	638.0	-1
135	126	149.0	+1
1354	760	485.0	-1
1215	515	240.0	+1
980	745	470.0	-1
1209	276	1.0	+1
3	779	504.0	-1
1352	420	145.0	+1
505	841	566.0	-1
1503	142	133.0	+1
242	867	592.0	-1
848	910	635.0	-1
401	776	501.0	-1
975	876	601.0	-1
1099	308	33.0	+1
668	233	42.0	+1
1129	617	342.0	-1
1069	488	213.0	+1
310	797	522.0	-1
1046	819	544.0	-1
1593	603	328.0	-1
618	368	93.0	+1
1392	494	219.0	+1
330	291	16.0	+1
261	494	219.0	+1
1376	288	13.0	+1
875	750	475.0	-1
479	683	408.0	-1
1379	661	386.0	-1
542	49	226.0	+1
1564	370	95.0	+1
135	221	54.0	+1
197	799	524.0	-1
1463	336	61.0	+1
1102	272	3.0	+1
1192	676	401.0	-1
773	416	141.0	+1
1498	728	453.0	-1
1250	850	575.0	-1
242	7	268.0	-1
1091	790	515.0	-1
1122	752	477.0	-1
1161	326	51.0	+1
1372	373	98.0	+1
1496	30	245.0	+1
651	352	77.0	+1
612	627	352.0	-1
1143	520	245.0	+1
976	527	252.0	-1
181	569	294.0	-1
288	821	546.0	-1
971	297	22.0	+1
1587	926	651.0	-1
727	775	500.0	-1
1011	914	639.0	-1
1414	440	165.0	+1
1111	680	405.0	-1
243	172	103.0	+1
247	709	434.0	-1
1317	841	566.0	-1
313	797	522.0	-1
1524	451	176.0	+1
691	121	154.0	+1
183	870	595.0	-1
1496	228	47.0	+1
771	130	145.0	+1
713	404	129.0	+1
1082	22	253.0	-1
572	675	400.0	-1
1022	463	188.0	+1
980	684	409.0	-1
492	682	407.0	-1
530	741	466.0	-1
940	654	379.0	-1
669	807	532.0	-1
971	286	11.0	+1
613	120	155.0	+1
153	195	80.0	+1
515	115	160.0	+1
487	67	208.0	+1
438	567	292.0	-1
1545	459	184.0	+1
1132	125	150.0	+1
1061	640	365.0	-1
869	542	267.0	-1
899	76	199.0	+1
191	342	67.0	+1
1410	546	271.0	-1
1257	459	184.0	+1
1595	677	402.0	-1
107	328	53.0	+1
781	16	259.0	-1
909	764	489.0	-1
557	546	271.0	-1
353	310	35.0	+1
943	412	137.0	+1
209	626	351.0	-1
667	732	457.0	-1
1485	216	59.0	+1
658	10	265.0	-1
317	582	307.0	-1
1437	885	610.0	-1
922	666	391.0	-1
56	909	634.0	-1
844	761	486.0	-1
863	854	579.0	-1
783	725	450.0	-1
605	121	154.0	+1
112	705	430.0	-1
1252	824	549.0	-1
1173	236	39.0	+1
723	754	479.0	-1
1575	625	350.0	-1
1043	499	224.0	+1
632	841	566.0	-1
1105	724	449.0	-1
95	88	187.0	+1
244	522	247.0	+1
1067	299	24.0	+1
1054	491	216.0	+1
804	855	580.0	-1
368	251	24.0	+1
526	757	482.0	-1
1235	712	437.0	-1
756	444	169.0	+1
721	393	118.0	+1
42	608	333.0	-1
1209	441	166.0	+1
250	138	137.0	+1
1428	723	448.0	-1
137	601	326.0	-1
704	771	496.0	-1
1124	399	124.0	+1
637	632	357.0	-1
767	831	556.0	-1
242	928	653.0	-1
1276	320	45.0	+1
404	831	556.0	-1
1489	438	163.0	+1
640	655	380.0	-1
379	11	264.0	-1
896	519	244.0	+1
180	361	86.0	+1
1234	411	136.0	+1
638	844	569.0	-1
122	819	544.0	-1
521	824	549.0	-1
1511	934	659.0	-1
230	493	218.0	+1
22	669	394.0	-1
90	192	83.0	+1
869	677	402.0	-1
444	268	7.0	+1
647	537	262.0	-1
521	556	281.0	-1
102	927	652.0	-1
659	380	105.0	+1
1445	214	61.0	+1
1277	300	25.0	+1
819	3	272.0	-1
1139	39	236.0	+1
890	731	456.0	-1
356	904	629.0	-1
734	898	623.0	-1
1254	67	208.0	+1
1485	187	88.0	+1
1376	492	217.0	+1
280	70	205.0	+1
1121	240	35.0	+1
268	208	67.0	+1
395	125	150.0	+1
263	717	442.0	-1
1509	268	7.0	+1
59	802	527.0	-1
1259	532	257.0	-1
1427	401	126.0	+1
1398	69	206.0	+1
1079	927	652.0	-1
629	367	92.0	+1
1227	686	411.0	-1
328	153	122.0	+1
1387	574	299.0	-1
1029	390	115.0	+1
730	894	619.0	-1
1280	831	556.0	-1
1456	88	187.0	+1
1101	810	535.0	-1
682	47	228.0	+1
120	201	74.0	+1
1153	670	395.0	-1
712	703	428.0	-1
315	939	664.0	-1
326	932	657.0	-1
1140	765	490.0	-1
751	544	269.0	-1
303	309	34.0	+1
497	778	503.0	-1
162	71	204.0	+1
376	1	274.0	-1
284	20	255.0	-1
1348	147	128.0	+1
1144	657	382.0	-1
779	740	465.0	-1
491	835	560.0	-1
576	68	207.0	+1
170	647	372.0	-1
1166	678	403.0	-1
596	155	120.0	+1
67	245	30.0	+1
1159	487	212.0	+1
1432	617	342.0	-1
845	942	667.0	-1
507	897	622.0	-1
326	590	315.0	-1
1172	780	505.0	-1
1432	365	90.0	+1
253	743	468.0	-1
546	664	389.0	-1
726	35	240.0	+1
964	235	40.0	+1
1208	131	144.0	+1
292	514	239.0	+1
1230	220	55.0	+1
1009	147	128.0	+1
722	134	141.0	+1
1197	635	360.0	-1
804	868	593.0	-1
724	510	235.0	+1
142	133	142.0	+1
494	220	55.0	+1
967	852	577.0	-1
1414	701	426.0	-1
228	895	620.0	-1
1293	434	159.0	+1
843	473	198.0	+1
1189	463	188.0	+1
515	279	4.0	+1
1558	438	163.0	+1
988	61	214.0	+1
1389	481	206.0	+1
1032	591	316.0	-1
1433	335	60.0	+1
606	313	38.0	+1
1324	311	36.0	+1
524	886	611.0	-1
596	381	106.0	+1
328	511	236.0	+1
245	887	612.0	-1
371	146	129.0	+1
185	468	193.0	+1
754	723	448.0	-1
444	452	177.0	+1
40	841	566.0	-1
1583	195	80.0	+1
1048	81	194.0	+1
650	146	129.0	+1
1019	695	420.0	-1
1311	612	337.0	-1
822	582	307.0	-1
776	337	62.0	+1
159	842	567.0	-1
1503	559	284.0	-1
317	320	45.0	+1
47	212	63.0	+1
561	591	316.0	-1
937	569	294.0	-1
965	925	650.0	-1
84	196	79.0	+1
196	684	409.0	-1
692	458	183.0	+1
248	764	489.0	-1
869	469	194.0	+1
976	565	290.0	-1
98	873	598.0	-1
1176	378	103.0	+1
1497	887	612.0	-1
353	108	167.0	+1
1463	94	181.0	+1
627	827	552.0	-1
1289	702	427.0	-1
533	588	313.0	-1
545	918	643.0	-1
93	922	647.0	-1
932	216	59.0	+1
1057	681	406.0	-1
1051	936	661.0	-1
819	825	550.0	-1
681	871	596.0	-1
822	711	436.0	-1
1245	418	143.0	+1
687	940	665.0	-1
828	484	209.0	+1
1572	650	375.0	-1
1338	854	579.0	-1
770	584	309.0	-1
1533	690	415.0	-1
1303	351	76.0	+1
647	822	547.0	-1
147	243	32.0	+1
176	425	150.0	+1
899	658	383.0	-1
615	566	291.0	-1
1004	10	265.0	-1
1177	331	56.0	+1
606	224	51.0	+1
558	716	441.0	-1
870	185	90.0	+1
791	74	201.0	+1
1163	398	123.0	+1
246	804	529.0	-1
326	535	260.0	-1
687	7	268.0	-1
158	923	648.0	-1
1495	360	85.0	+1
1456	301	26.0	+1
1374	753	478.0	-1
1299	758	483.0	-1
269	261	14.0	+1
1533	913	638.0	-1
1109	253	22.0	+1
1373	918	643.0	-1
567	366	91.0	+1
609	701	426.0	-1
942	681	406.0	-1
1236	562	287.0	-1
16	810	535.0	-1
645	45	230.0	+1
763	171	104.0	+1
792	789	514.0	-1
134	649	374.0	-1
871	725	450.0	-1
1558	229	46.0	+1
393	91	184.0	+1
987	114	161.0	+1
1153	774	499.0	-1
1401	677	402.0	-1
782	807	532.0	-1
715	316	41.0	+1
1070	719	444.0	-1
735	700	425.0	-1
292	9	266.0	-1
47	450	175.0	+1
805	265	10.0	+1
940	60	215.0	+1
1009	100	175.0	+1
1586	365	90.0	+1
407	763	488.0	-1
1059	676	401.0	-1
684	745	470.0	-1
1393	101	174.0	+1
1218	336	61.0	+1
567	748	473.0	-1
281	180	95.0	+1
938	825	550.0	-1
679	836	561.0	-1
994	893	618.0	-1
1416	1	274.0	-1
964	397	122.0	+1
1434	75	200.0	+1
1535	828	553.0	-1
373	654	379.0	-1
639	384	109.0	+1
1549	522	247.0	+1
23	303	28.0	+1
214	539	264.0	-1
1324	948	673.0	-1
930	784	509.0	-1
1035	131	144.0	+1
640	818	543.0	-1
263	124	151.0	+1
160	371	96.0	+1
482	468	193.0	+1
1023	757	482.0	-1
298	465	190.0	+1
1173	315	40.0	+1
82	608	333.0	-1
1420	184	91.0	+1
643	867	592.0	-1
416	631	356.0	-1
40	465	190.0	+1
1483	631	356.0	-1
1007	891	616.0	-1
41	653	378.0	-1
1579	886	611.0	-1
1041	708	433.0	-1
803	28	247.0	+1
817	916	641.0	-1
1188	869	594.0	-1
560	754	479.0	-1
155	424	149.0	+1
1010	603	328.0	-1
1114	354	79.0	+1
427	447	172.0	+1
1316	775	500.0	-1
573	778	503.0	-1
483	424	149.0	+1
536	920	645.0	-1
1435	202	73.0	+1
211	753	478.0	-1
649	782	507.0	-1
921	892	617.0	-1
368	893	618.0	-1
84	473	198.0	+1
714	644	369.0	-1
364	218	57.0	+1
499	283	8.0	+1
1265	630	355.0	-1
450	418	143.0	+1
526	125	150.0	+1
1151	282	7.0	+1
1110	483	208.0	+1
1542	522	247.0	+1
195	806	531.0	-1
355	657	382.0	-1
1014	523	248.0	+1
222	375	100.0	+1
570	223	52.0	+1
76	671	396.0	-1
1126	490	215.0	+1
1367	873	598.0	-1
478	702	427.0	-1
1246	490	215.0	+1
26	697	422.0	-1
797	678	403.0	-1
1596	578	303.0	-1
830	851	576.0	-1
768	647	372.0	-1
380	6	269.0	-1
254	89	186.0	+1
661	423	148.0	+1
1014	502	227.0	+1
1344	576	301.0	-1
1295	347	72.0	+1
567	418	143.0	+1
493	621	346.0	-1
1562	731	456.0	-1
1223	298	23.0	+1
1152	644	369.0	-1
249	76	199.0	+1
245	887	612.0	-1
1285	206	69.0	+1
448	624	349.0	-1
1327	670	395.0	-1
379	420	145.0	+1
627	484	209.0	+1
1587	35	240.0	+1
1487	21	254.0	-1
192	680	405.0	-1
1127	500	225.0	+1
433	592	317.0	-1
1041	701	426.0	-1
728	752	477.0	-1
1120	143	132.0	+1
721	33	242.0	+1
712	322	47.0	+1
879	775	500.0	-1
11	711	436.0	-1
939	771	496.0	-1
1445	163	112.0	+1
703	791	516.0	-1
655	612	337.0	-1
718	938	663.0	-1
802	72	203.0	+1
1426	189	86.0	+1
1293	626	351.0	-1
848	11	264.0	-1
1297	883	608.0	-1
920	35	240.0	+1
982	853	578.0	-1
305	478	203.0	+1
423	695	420.0	-1
1496	386	111.0	+1
1105	77	198.0	+1
911	499	224.0	+1
961	20	255.0	-1
566	288	13.0	+1
168	167	108.0	+1
1193	880	605.0	-1
1059	442	167.0	+1
67	144	131.0	+1
241	6	269.0	-1
1202	793	518.0	-1
487	440	165.0	+1
1138	196	79.0	+1
547	752	477.0	-1
627	556	281.0	-1
1285	445	170.0	+1
817	153	122.0	+1
517	291	16.0	+1
885	174	101.0	+1
448	486	211.0	+1
1401	276	1.0	+1
1501	414	139.0	+1
930	858	583.0	-1
583	123	152.0	+1
1463	647	372.0	-1
25	422	147.0	+1
946	764	489.0	-1
819	442	167.0	+1
1155	414	139.0	+1
1278	186	89.0	+1
90	680	405.0	-1
219	800	525.0	-1
826	256	19.0	+1
475	836	561.0	-1
1344	696	421.0	-1
21	484	209.0	+1
1338	535	260.0	-1
468	543	268.0	-1
1443	367	92.0	+1
274	542	267.0	-1
173	749	474.0	-1
240	69	206.0	+1
445	396	121.0	+1
1422	332	57.0	+1
1245	179	96.0	+1
114	23	252.0	-1
915	501	226.0	+1
344	520	245.0	+1
1392	686	411.0	-1
1502	270	5.0	+1
185	552	277.0	-1
1410	589	314.0	-1
394	582	307.0	-1
697	827	552.0	-1
275	414	139.0	+1
612	667	392.0	-1
152	225	50.0	+1
1116	552	277.0	-1
29	55	220.0	+1
743	286	11.0	+1
225	718	443.0	-1
577	541	266.0	-1
861	525	250.0	+1
405	657	382.0	-1
1415	575	300.0	-1
787	688	413.0	-1
1574	505	230.0	+1
1278	612	337.0	-1
1159	857	582.0	-1
911	671	396.0	-1
1429	520	245.0	+1
1323	621	346.0	-1
245	862	587.0	-1
573	840	565.0	-1
1256	390	115.0	+1
194	318	43.0	+1
595	842	567.0	-1
441	205	70.0	+1
176	801	526.0	-1
73	20	255.0	-1
872	134	141.0	+1
919	310	35.0	+1
217	270	5.0	+1
604	831	556.0	-1
993	457	182.0	+1
775	618	343.0	-1
1416	642	367.0	-1
1293	40	235.0	+1
183	138	137.0	+1
425	500	225.0	+1
1585	631	356.0	-1
267	424	149.0	+1
792	12	263.0	-1
1550	526	251.0	-1
534	16	259.0	-1
1083	807	532.0	-1
1365	920	645.0	-1
964	350	75.0	+1
1030	929	654.0	-1
517	678	403.0	-1
536	439	164.0	+1
494	205	70.0	+1
1299	887	612.0	-1
1147	182	93.0	+1
692	565	290.0	-1
142	338	63.0	+1
844	16	259.0	-1
1091	317	42.0	+1
945	566	291.0	-1
995	369	94.0	+1
1586	223	52.0	+1
245	192	83.0	+1
1182	146	129.0	+1
1116	25	250.0	+1
1413	272	3.0	+1
1391	125	150.0	+1
509	818	543.0	-1
1368	708	433.0	-1
748	443	168.0	+1
1278	769	494.0	-1
102	18	257.0	-1
1375	918	643.0	-1
1117	940	665.0	-1
258	199	76.0	+1
536	90	185.0	+1
1250	130	145.0	+1
723	570	295.0	-1
696	621	346.0	-1
61	422	147.0	+1
887	131	144.0	+1
940	537	262.0	-1
1191	430	155.0	+1
436	286	11.0	+1
104	905	630.0	-1
502	0	275.0	-1
937	594	319.0	-1
1064	581	306.0	-1
25	389	114.0	+1
825	31	244.0	+1
1494	181	94.0	+1
1575	24	251.0	-1
61	121	154.0	+1
37	457	182.0	+1
621	367	92.0	+1
62	251	24.0	+1
1265	466	191.0	+1
843	522	247.0	+1
277	930	655.0	-1
67	77	198.0	+1
85	572	297.0	-1
1233	539	264.0	-1
774	461	186.0	+1
976	279	4.0	+1
280	647	372.0	-1
1425	891	616.0	-1
1398	732	457.0	-1
468	628	353.0	-1
891	274	1.0	+1
487	249	26.0	+1
223	896	621.0	-1
139	894	619.0	-1
421	116	159.0	+1
516	95	180.0	+1
669	887	612.0	-1
1102	98	177.0	+1
394	789	514.0	-1
1222	868	593.0	-1
39	379	104.0	+1
512	477	202.0	+1
202	443	168.0	+1
308	521	246.0	+1
1425	833	558.0	-1
1405	778	503.0	-1
1523	695	420.0	-1
82	23	252.0	-1
552	192	83.0	+1
1232	643	368.0	-1
1381	140	135.0	+1
1410	480	205.0	+1
560	243	32.0	+1
427	160	115.0	+1
191	589	314.0	-1
37	63	212.0	+1
439	47	228.0	+1
657	917	642.0	-1
870	635	360.0	-1
1102	257	18.0	+1
1138	7	268.0	-1
844	270	5.0	+1
21	699	424.0	-1
59	613	338.0	-1
1387	38	237.0	+1
248	714	439.0	-1
443	571	296.0	-1
1546	788	513.0	-1
891	668	393.0	-1
1258	128	147.0	+1
57	865	590.0	-1
1020	565	290.0	-1
1450	242	33.0	+1
254	916	641.0	-1
1484	186	89.0	+1
588	845	570.0	-1
703	899	624.0	-1
1509	310	35.0	+1
1240	585	310.0	-1
674	787	512.0	-1
582	210	65.0	+1
961	447	172.0	+1
357	763	488.0	-1
632	775	500.0	-1
783	771	496.0	-1
1387	411	136.0	+1
1079	816	541.0	-1
575	34	241.0	+1
686	848	573.0	-1
1247	556	281.0	-1
418	495	220.0	+1
1017	167	108.0	+1
651	541	266.0	-1
683	805	530.0	-1
701	946	671.0	-1
193	529	254.0	-1
454	930	655.0	-1
1013	330	55.0	+1
1064	702	427.0	-1
580	790	515.0	-1
219	160	115.0	+1
934	432	157.0	+1
906	707	432.0	-1
271	1	274.0	-1
124	736	461.0	-1
39	436	161.0	+1
1438	489	214.0	+1
634	766	491.0	-1
1292	216	59.0	+1
25	594	319.0	-1
1018	919	644.0	-1
1100	449	174.0	+1
1247	773	498.0	-1
623	23	252.0	-1
784	911	636.0	-1
638	357	82.0	+1
1188	497	222.0	+1
8	283	8.0	+1
351	9	266.0	-1
944	430	155.0	+1
1385	939	664.0	-1
957	466	191.0	+1
268	39	236.0	+1
8	75	200.0	+1
982	196	79.0	+1
875	178	97.0	+1
881	618	343.0	-1
298	652	377.0	-1
33	941	666.0	-1
202	412	137.0	+1
264	482	207.0	+1
721	599	324.0	-1
84	225	50.0	+1
1472	354	79.0	+1
551	915	640.0	-1
407	631	356.0	-1
473	171	104.0	+1
1412	72	203.0	+1
316	789	514.0	-1
973	876	601.0	-1
454	742	467.0	-1
276	748	473.0	-1
594	613	338.0	-1
926	479	204.0	+1
680	240	35.0	+1
470	660	385.0	-1
1382	342	67.0	+1
952	538	263.0	-1
962	524	249.0	+1
419	364	89.0	+1
1091	576	301.0	-1
366	332	57.0	+1
365	298	23.0	+1
780	288	13.0	+1
759	110	165.0	+1
568	682	407.0	-1
1199	322	47.0	+1
1300	945	670.0	-1
975	832	557.0	-1
180	556	281.0	-1
478	220	55.0	+1
1088	239	36.0	+1
908	839	564.0	-1
1412	87	188.0	+1
845	194	81.0	+1
1145	147	128.0	+1
1472	116	159.0	+1
949	450	175.0	+1
666	352	77.0	+1
176	618	343.0	-1
977	515	240.0	+1
1588	395	120.0	+1
303	91	184.0	+1
77	384	109.0	+1
1205	320	45.0	+1
334	29	246.0	+1
609	70	205.0	+1
187	708	433.0	-1
1023	774	499.0	-1
1286	724	449.0	-1
696	816	541.0	-1
39	799	524.0	-1
345	470	195.0	+1
1226	221	54.0	+1
313	489	214.0	+1
346	628	353.0	-1
1353	799	524.0	-1
539	432	157.0	+1
146	842	567.0	-1
1538	905	630.0	-1
1239	211	64.0	+1
579	840	565.0	-1
1291	729	454.0	-1
413	123	152.0	+1
583	256	19.0	+1
1429	510	235.0	+1
1235	844	569.0	-1
769	933	658.0	-1
1298	748	473.0	-1
154	681	406.0	-1
1335	207	68.0	+1
56	116	159.0	+1
1218	745	470.0	-1
200	927	652.0	-1
151	514	239.0	+1
654	336	61.0	+1
1570	913	638.0	-1
858	546	271.0	-1
1562	646	371.0	-1
1465	493	218.0	+1
1560	237	38.0	+1
1526	80	195.0	+1
428	921	646.0	-1
184	888	613.0	-1
395	521	246.0	+1
310	705	430.0	-1
76	787	512.0	-1
592	201	74.0	+1
1162	847	572.0	-1
1195	805	530.0	-1
193	325	50.0	+1
389	133	142.0	+1
1149	607	332.0	-1
910	732	457.0	-1
1326	762	487.0	-1
753	268	7.0	+1
1017	181	94.0	+1
667	130	145.0	+1
1414	23	252.0	-1
115	151	124.0	+1
1082	836	561.0	-1
848	345	70.0	+1
270	108	167.0	+1
1165	147	128.0	+1
897	403	128.0	+1
560	935	660.0	-1
464	62	213.0	+1
1555	782	507.0	-1
665	304	29.0	+1
127	161	114.0	+1
63	188	87.0	+1
1356	824	549.0	-1
1454	17	258.0	-1
522	385	110.0	+1
1303	934	659.0	-1
1086	831	556.0	-1
1237	601	326.0	-1
1246	531	256.0	-1
767	235	40.0	+1
424	808	533.0	-1
1475	133	142.0	+1
1334	442	167.0	+1
190	93	182.0	+1
578	636	361.0	-1
775	718	443.0	-1
603	675	400.0	-1
983	154	121.0	+1
883	824	549.0	-1
308	212	63.0	+1
728	507	232.0	+1
22	848	573.0	-1
1128	545	270.0	-1
1182	249	26.0	+1
670	568	293.0	-1
327	723	448.0	-1
69	948	673.0	-1
1464	299	24.0	+1
338	913	638.0	-1
812	140	135.0	+1
765	551	276.0	-1
898	1	274.0	-1
1404	674	399.0	-1
642	557	282.0	-1
446	785	510.0	-1
999	439	164.0	+1
77	578	303.0	-1
1219	796	521.0	-1
504	857	582.0	-1
1454	778	503.0	-1
141	543	268.0	-1
1060	898	623.0	-1
181	198	77.0	+1
681	511	236.0	+1
1370	905	630.0	-1
16	19	256.0	-1
1080	561	286.0	-1
958	389	114.0	+1
836	403	128.0	+1
17	25	250.0	+1
937	268	7.0	+1
1551	168	107.0	+1
1113	686	411.0	-1
1227	203	72.0	+1
337	382	107.0	+1
729	556	281.0	-1
306	582	307.0	-1
128	206	69.0	+1
1447	572	297.0	-1
1082	741	466.0	-1
209	245	30.0	+1
1422	947	672.0	-1
23	463	188.0	+1
488	508	233.0	+1
1122	518	243.0	+1
1030	938	663.0	-1
212	519	244.0	+1
1548	688	413.0	-1
1336	79	196.0	+1
480	779	504.0	-1
742	588	313.0	-1
1100	814	539.0	-1
420	269	6.0	+1
897	892	617.0	-1
699	375	100.0	+1
801	215	60.0	+1
1415	337	62.0	+1
731	260	15.0	+1
1024	26	249.0	+1
688	401	126.0	+1
282	103	172.0	+1
535	859	584.0	-1
1577	685	410.0	-1
1065	510	235.0	+1
610	172	103.0	+1
1383	271	4.0	+1
871	65	210.0	+1
714	354	79.0	+1
931	608	333.0	-1
1158	182	93.0	+1
1357	931	656.0	-1
1357	356	81.0	+1
547	2	273.0	-1
327	2	273.0	-1
931	267	8.0	+1
640	755	480.0	-1
825	321	46.0	+1
161	322	47.0	+1
789	439	164.0	+1
341	759	484.0	-1
1578	467	192.0	+1
1447	316	41.0	+1
58	544	269.0	-1
168	838	563.0	-1
870	451	176.0	+1
787	11	264.0	-1
1176	935	660.0	-1
9	871	596.0	-1
1375	642	367.0	-1
330	377	102.0	+1
814	551	276.0	-1
1279	600	325.0	-1
842	864	589.0	-1
801	832	557.0	-1
354	922	647.0	-1
1018	133	142.0	+1
684	239	36.0	+1
74	348	73.0	+1
872	430	155.0	+1
1056	348	73.0	+1
450	224	51.0	+1
874	555	280.0	-1
1302	784	509.0	-1
67	830	555.0	-1
111	270	5.0	+1
518	413	138.0	+1
1470	558	283.0	-1
321	618	343.0	-1
308	143	132.0	+1
176	218	57.0	+1
736	691	416.0	-1
131	809	534.0	-1
1000	726	451.0	-1
594	857	582.0	-1
480	85	190.0	+1
674	371	96.0	+1
71	110	165.0	+1
1505	839	564.0	-1
635	240	35.0	+1
1564	486	211.0	+1
1436	669	394.0	-1
1091	598	323.0	-1
439	921	646.0	-1
1346	160	115.0	+1
989	616	341.0	-1
635	60	215.0	+1
1272	443	168.0	+1
56	111	164.0	+1
1261	730	455.0	-1
370	303	28.0	+1
1510	330	55.0	+1
1282	110	165.0	+1
1332	781	506.0	-1
600	269	6.0	+1
292	356	81.0	+1
281	495	220.0	+1
1536	574	299.0	-1
1500	375	100.0	+1
917	183	92.0	+1
1039	830	555.0	-1
754	764	489.0	-1
825	3	272.0	-1
395	841	566.0	-1
13	733	458.0	-1
308	339	64.0	+1
151	424	149.0	+1
23	339	64.0	+1
1126	422	147.0	+1
1242	497	222.0	+1
1002	590	315.0	-1
1388	641	366.0	-1
731	922	647.0	-1
1351	71	204.0	+1
1330	459	184.0	+1
1389	881	606.0	-1
184	932	657.0	-1
701	754	479.0	-1
814	351	76.0	+1
755	564	289.0	-1
326	67	208.0	+1
126	893	618.0	-1
1479	466	191.0	+1
995	159	116.0	+1
6	777	502.0	-1
1252	444	169.0	+1
1032	200	75.0	+1
108	495	220.0	+1
694	499	224.0	+1
1218	532	257.0	-1
837	13	262.0	-1
355	536	261.0	-1
818	274	1.0	+1
275	447	172.0	+1
666	109	166.0	+1
860	760	485.0	-1
1044	936	661.0	-1
307	724	449.0	-1
963	742	467.0	-1
1299	718	443.0	-1
1009	141	134.0	+1
1476	740	465.0	-1
1295	305	30.0	+1
101	624	349.0	-1
913	418	143.0	+1
133	558	283.0	-1
348	544	269.0	-1
970	332	57.0	+1
1539	590	315.0	-1
407	650	375.0	-1
1277	435	160.0	+1
1209	227	48.0	+1
506	488	213.0	+1
704	451	176.0	+1
1397	815	540.0	-1
196	862	587.0	-1
1200	388	113.0	+1
131	881	606.0	-1
1339	581	306.0	-1
1367	172	103.0	+1
747	772	497.0	-1
408	758	483.0	-1
908	861	586.0	-1
389	592	317.0	-1
1372	169	106.0	+1
1049	499	224.0	+1
266	703	428.0	-1
139	789	514.0	-1
1077	488	213.0	+1
293	240	35.0	+1
540	368	93.0	+1
1334	425	150.0	+1
856	338	63.0	+1
579	362	87.0	+1
1379	16	259.0	-1
58	499	224.0	+1
1374	589	314.0	-1
943	738	463.0	-1
588	652	377.0	-1
1416	652	377.0	-1
190	252	23.0	+1
321	4	271.0	-1
1323	930	655.0	-1
983	559	284.0	-1
428	526	251.0	-1
1051	917	642.0	-1
1557	391	116.0	+1
649	332	57.0	+1
74	860	585.0	-1
1174	880	605.0	-1
265	569	294.0	-1
1585	860	585.0	-1
1358	14	261.0	-1
699	183	92.0	+1
55	822	547.0	-1
860	724	449.0	-1
1288	886	611.0	-1
861	611	336.0	-1
1008	599	324.0	-1
918	243	32.0	+1
1183	270	5.0	+1
33	852	577.0	-1
1106	405	130.0	+1
979	190	85.0	+1
1123	611	336.0	-1
714	157	118.0	+1
122	808	533.0	-1
1424	733	458.0	-1
1366	371	96.0	+1
378	690	415.0	-1
584	106	169.0	+1
201	560	285.0	-1
923	947	672.0	-1
182	481	206.0	+1
215	57	218.0	+1
739	176	99.0	+1
1310	785	510.0	-1
849	492	217.0	+1
687	755	480.0	-1
1374	496	221.0	+1
1354	945	670.0	-1
1108	662	387.0	-1
829	905	630.0	-1
42	708	433.0	-1
1245	688	413.0	-1
1513	288	13.0	+1
141	778	503.0	-1
958	109	166.0	+1
797	912	637.0	-1
1040	141	134.0	+1
1085	208	67.0	+1
1123	909	634.0	-1
1281	652	377.0	-1
563	767	492.0	-1
451	944	669.0	-1
326	453	178.0	+1
1472	494	219.0	+1
34	437	162.0	+1
1170	472	197.0	+1
1511	511	236.0	+1
1456	646	371.0	-1
559	130	145.0	+1
1111	202	73.0	+1
1561	768	493.0	-1
1108	316	41.0	+1
996	938	663.0	-1
1380	29	246.0	+1
612	218	57.0	+1
1577	646	371.0	-1
785	597	322.0	-1
257	178	97.0	+1
891	387	112.0	+1
1156	831	556.0	-1
22	727	452.0	-1
1028	150	125.0	+1
1446	348	73.0	+1
57	938	663.0	-1
1193	52	223.0	+1
93	23	252.0	-1
1338	78	197.0	+1
552	792	517.0	-1
400	581	306.0	-1
1509	929	654.0	-1
890	322	47.0	+1
960	367	92.0	+1
574	616	341.0	-1
787	607	332.0	-1
925	728	453.0	-1
443	851	576.0	-1
1124	471	196.0	+1
646	785	510.0	-1
237	336	61.0	+1
454	559	284.0	-1
823	612	337.0	-1
539	242	33.0	+1
1198	318	43.0	+1
877	2	273.0	-1
770	480	205.0	+1
1012	385	110.0	+1
977	120	155.0	+1
1090	581	306.0	-1
749	301	26.0	+1
729	427	152.0	+1
1228	852	577.0	-1
1262	330	55.0	+1
407	937	662.0	-1
937	664	389.0	-1
796	393	118.0	+1
296	49	226.0	+1
93	651	376.0	-1
1060	494	219.0	+1
231	91	184.0	+1
804	660	385.0	-1
780	666	391.0	-1
1305	21	254.0	-1
323	485	210.0	+1
708	364	89.0	+1
1201	369	94.0	+1
394	123	152.0	+1
390	161	114.0	+1
330	758	483.0	-1
640	70	205.0	+1
853	784	509.0	-1
1199	125	150.0	+1
737	721	446.0	-1
1010	370	95.0	+1
183	454	179.0	+1
203	757	482.0	-1
896	928	653.0	-1
257	818	543.0	-1
1071	111	164.0	+1
410	279	4.0	+1
972	902	627.0	-1
17	479	204.0	+1
1414	479	204.0	+1
1143	3	272.0	-1
1398	148	127.0	+1
193	790	515.0	-1
612	579	304.0	-1
649	119	156.0	+1
45	344	69.0	+1
862	893	618.0	-1
763	790	515.0	-1
1164	611	336.0	-1
982	867	592.0	-1
179	267	8.0	+1
1120	923	648.0	-1
861	675	400.0	-1
342	302	27.0	+1
9	295	20.0	+1
74	432	157.0	+1
222	216	59.0	+1
1260	319	44.0	+1
146	447	172.0	+1
377	731	456.0	-1
329	381	106.0	+1
1177	4	271.0	-1
354	789	514.0	-1
456	403	128.0	+1
163	104	171.0	+1
547	709	434.0	-1
1088	303	28.0	+1
289	944	669.0	-1
453	199	76.0	+1
636	750	475.0	-1
1044	613	338.0	-1
719	931	656.0	-1
932	303	28.0	+1
1512	550	275.0	-1
591	877	602.0	-1
1594	245	30.0	+1
1579	185	90.0	+1
497	772	497.0	-1
1139	483	208.0	+1
1045	865	590.0	-1
265	511	236.0	+1
1266	932	657.0	-1
698	718	443.0	-1
819	47	228.0	+1
640	931	656.0	-1
1027	33	242.0	+1
1388	247	28.0	+1
403	95	180.0	+1
1217	5	270.0	-1
471	870	595.0	-1
1357	570	295.0	-1
585	604	329.0	-1
561	760	485.0	-1
67	162	113.0	+1
1568	772	497.0	-1
620	485	210.0	+1
279	345	70.0	+1
1302	805	530.0	-1
1119	548	273.0	-1
1566	474	199.0	+1
1179	677	402.0	-1
10	168	107.0	+1
851	574	299.0	-1
2	87	188.0	+1
1245	683	408.0	-1
1248	257	18.0	+1
1528	781	506.0	-1
803	380	105.0	+1
1046	844	569.0	-1
1079	226	49.0	+1
1037	685	410.0	-1
1422	328	53.0	+1
1186	415	140.0	+1
1362	640	365.0	-1
879	642	367.0	-1
689	425	150.0	+1
1461	93	182.0	+1
1310	374	99.0	+1
138	145	130.0	+1
981	522	247.0	+1
884	407	132.0	+1
1582	675	400.0	-1
175	408	133.0	+1
1330	737	462.0	-1
1295	773	498.0	-1
50	253	22.0	+1
940	843	568.0	-1
536	814	539.0	-1
1280	926	651.0	-1
901	611	336.0	-1
1363	945	670.0	-1
576	666	391.0	-1
355	534	259.0	-1
564	519	244.0	+1
413	749	474.0	-1
1419	745	470.0	-1
701	307	32.0	+1
1423	330	55.0	+1
690	60	215.0	+1
847	440	165.0	+1
657	388	113.0	+1
1377	154	121.0	+1
1435	466	191.0	+1
1040	766	491.0	-1
11	582	307.0	-1
1286	427	152.0	+1
1244	551	276.0	-1
1441	879	604.0	-1
150	711	436.0	-1
1541	306	31.0	+1
660	696	421.0	-1
86	51	224.0	+1
854	822	547.0	-1
276	352	77.0	+1
329	600	325.0	-1
250	793	518.0	-1
1062	727	452.0	-1
640	792	517.0	-1
1213	832	557.0	-1
1218	341	66.0	+1
135	76	199.0	+1
724	332	57.0	+1
535	64	211.0	+1
367	489	214.0	+1
1008	217	58.0	+1
336	379	104.0	+1
54	501	226.0	+1
1381	114	161.0	+1
301	669	394.0	-1
1104	699	424.0	-1
959	418	143.0	+1
1522	95	180.0	+1
1032	482	207.0	+1
268	758	483.0	-1
1068	478	203.0	+1
1020	709	434.0	-1
973	930	655.0	-1
932	99	176.0	+1
633	92	183.0	+1
1411	637	362.0	-1
1124	907	632.0	-1
704	124	151.0	+1
1342	543	268.0	-1
1123	612	337.0	-1
301	908	633.0	-1
776	943	668.0	-1
213	481	206.0	+1
470	873	598.0	-1
587	48	227.0	+1
756	537	262.0	-1
882	657	382.0	-1
984	13	262.0	-1
1170	174	101.0	+1
774	302	27.0	+1
1185	139	136.0	+1
763	171	104.0	+1
187	906	631.0	-1
561	233	42.0	+1
26	666	391.0	-1
401	867	592.0	-1
241	325	50.0	+1
1485	720	445.0	-1
652	517	242.0	+1
1310	927	652.0	-1
266	333	58.0	+1
242	275	0.0	+1
412	631	356.0	-1
812	333	58.0	+1
568	333	58.0	+1
53	639	364.0	-1
944	280	5.0	+1
560	386	111.0	+1
555	715	440.0	-1
39	68	207.0	+1
153	311	36.0	+1
276	371	96.0	+1
950	663	388.0	-1
716	319	44.0	+1
927	126	149.0	+1
1107	13	262.0	-1
1452	603	328.0	-1
41	175	100.0	+1
1480	381	106.0	+1
5	472	197.0	+1
379	42	233.0	+1
1451	529	254.0	-1
243	392	117.0	+1
962	939	664.0	-1
527	48	227.0	+1
1494	742	467.0	-1
1509	589	314.0	-1
548	586	311.0	-1
331	320	45.0	+1
564	927	652.0	-1
160	522	247.0	+1
883	775	500.0	-1
797	601	326.0	-1
929	205	70.0	+1
1177	746	471.0	-1
1348	702	427.0	-1
867	924	649.0	-1
237	555	280.0	-1
1071	262	13.0	+1
77	704	429.0	-1
1332	112	163.0	+1
674	141	134.0	+1
627	235	40.0	+1
163	872	597.0	-1
1294	743	468.0	-1
424	270	5.0	+1
315	748	473.0	-1
967	623	348.0	-1
362	745	470.0	-1
593	531	256.0	-1
866	522	247.0	+1
460	936	661.0	-1
539	794	519.0	-1
924	490	215.0	+1
754	99	176.0	+1
945	257	18.0	+1
1415	428	153.0	+1
239	314	39.0	+1
1591	151	124.0	+1
98	443	168.0	+1
801	345	70.0	+1
1018	263	12.0	+1
989	234	41.0	+1
608	662	387.0	-1
663	894	619.0	-1
1028	314	39.0	+1
1395	504	229.0	+1
592	395	120.0	+1
833	276	1.0	+1
884	63	212.0	+1
845	29	246.0	+1
781	746	471.0	-1
1230	135	140.0	+1
45	164	111.0	+1
655	879	604.0	-1
1482	157	118.0	+1
807	162	113.0	+1
1396	540	265.0	-1
203	569	294.0	-1
1047	807	532.0	-1
1410	56	219.0	+1
1093	76	199.0	+1
1316	683	408.0	-1
687	220	55.0	+1
1125	501	226.0	+1
917	106	169.0	+1
18	938	663.0	-1
70	595	320.0	-1
151	487	212.0	+1
175	498	223.0	+1
1462	124	151.0	+1
1386	820	545.0	-1
322	835	560.0	-1
880	210	65.0	+1
397	315	40.0	+1
40	563	288.0	-1
1173	352	77.0	+1
630	536	261.0	-1
508	578	303.0	-1
693	919	644.0	-1
831	915	640.0	-1
381	754	479.0	-1
571	505	230.0	+1
322	948	673.0	-1
669	438	163.0	+1
1530	74	201.0	+1
874	289	14.0	+1
1465	384	109.0	+1
1360	885	610.0	-1
372	688	413.0	-1
1240	441	166.0	+1
1040	226	49.0	+1
1536	526	251.0	-1
927	266	9.0	+1
409	335	60.0	+1
932	850	575.0	-1
1424	512	237.0	+1
76	7	268.0	-1
531	76	199.0	+1
879	385	110.0	+1
1515	65	210.0	+1
1581	223	52.0	+1
604	874	599.0	-1
1456	11	264.0	-1
816	556	281.0	-1
616	597	322.0	-1
834	896	621.0	-1
1033	159	116.0	+1
569	367	92.0	+1
749	257	18.0	+1
56	204	71.0	+1
1132	13	262.0	-1
1148	135	140.0	+1
881	757	482.0	-1
969	80	195.0	+1
383	285	10.0	+1
1279	883	608.0	-1
468	453	178.0	+1
656	884	609.0	-1
733	472	197.0	+1
1031	309	34.0	+1
1414	299	24.0	+1
1337	198	77.0	+1
1034	491	216.0	+1
398	366	91.0	+1
1516	670	395.0	-1
1522	780	505.0	-1
1503	104	171.0	+1
849	601	326.0	-1
552	130	145.0	+1
521	593	318.0	-1
497	415	140.0	+1
532	692	417.0	-1
666	728	453.0	-1
974	345	70.0	+1
716	768	493.0	-1
1474	126	149.0	+1
1002	399	124.0	+1
581	422	147.0	+1
35	780	505.0	-1
888	892	617.0	-1
44	685	410.0	-1
1571	685	410.0	-1
282	389	114.0	+1
901	939	664.0	-1
675	582	307.0	-1
311	880	605.0	-1
1481	406	131.0	+1
66	523	248.0	+1
993	445	170.0	+1
894	438	163.0	+1
941	388	113.0	+1
1125	124	151.0	+1
1180	374	99.0	+1
904	945	670.0	-1
414	106	169.0	+1
1030	407	132.0	+1
40	39	236.0	+1
712	700	425.0	-1
1322	296	21.0	+1
1250	57	218.0	+1
575	466	191.0	+1
888	298	23.0	+1
31	14	261.0	-1
830	410	135.0	+1
192	269	6.0	+1
401	834	559.0	-1
783	931	656.0	-1
1166	74	201.0	+1
1399	674	399.0	-1
787	440	165.0	+1
1593	931	656.0	-1
829	789	514.0	-1
1549	812	537.0	-1
61	592	317.0	-1
550	661	386.0	-1
554	420	145.0	+1
1376	655	380.0	-1
1561	71	204.0	+1
1367	512	237.0	+1
1576	617	342.0	-1
1253	670	395.0	-1
796	398	123.0	+1
1236	923	648.0	-1
781	224	51.0	+1
203	207	68.0	+1
491	936	661.0	-1
363	84	191.0	+1
1309	299	24.0	+1
1167	454	179.0	+1
1210	497	222.0	+1
72	303	28.0	+1
34	908	633.0	-1
230	131	144.0	+1
1346	726	451.0	-1
1578	119	156.0	+1
1412	236	39.0	+1
1303	473	198.0	+1
769	799	524.0	-1
1144	446	171.0	+1
1257	90	185.0	+1
31	136	139.0	+1
112	167	108.0	+1
252	612	337.0	-1
213	309	34.0	+1
598	259	16.0	+1
301	691	416.0	-1
1137	755	480.0	-1
33	231	44.0	+1
1087	35	240.0	+1
716	403	128.0	+1
231	66	209.0	+1
57	290	15.0	+1
1444	658	383.0	-1
1472	184	91.0	+1
1503	856	581.0	-1
1593	442	167.0	+1
169	211	64.0	+1
427	241	34.0	+1
364	312	37.0	+1
219	626	351.0	-1
379	324	49.0	+1
1108	221	54.0	+1
756	617	342.0	-1
1275	934	659.0	-1
1235	480	205.0	+1
159	226	49.0	+1
823	886	611.0	-1
1413	410	135.0	+1
551	572	297.0	-1
608	209	66.0	+1
999	72	203.0	+1
820	410	135.0	+1
1062	468	193.0	+1
962	801	526.0	-1
1259	172	103.0	+1
53	16	259.0	-1
351	464	189.0	+1
1522	569	294.0	-1
783	917	642.0	-1
438	195	80.0	+1
785	126	149.0	+1
1141	94	181.0	+1
1502	801	526.0	-1
425	18	257.0	-1
1030	339	64.0	+1
320	286	11.0	+1
1221	50	225.0	+1
1418	633	358.0	-1
1587	212	63.0	+1
856	899	624.0	-1
1503	897	622.0	-1
1316	532	257.0	-1
1297	908	633.0	-1
648	583	308.0	-1
1443	97	178.0	+1
27	221	54.0	+1
719	865	590.0	-1
678	586	311.0	-1
838	481	206.0	+1
469	680	405.0	-1
121	435	160.0	+1
886	432	157.0	+1
1516	324	49.0	+1
252	585	310.0	-1
1271	466	191.0	+1
133	569	294.0	-1
64	347	72.0	+1
1412	894	619.0	-1
523	400	125.0	+1
100	237	38.0	+1
923	2	273.0	-1
1357	694	419.0	-1
1492	71	204.0	+1
1111	43	232.0	+1
248	401	126.0	+1
1226	617	342.0	-1
1174	808	533.0	-1
221	840	565.0	-1
312	891	616.0	-1
1396	38	237.0	+1
274	851	576.0	-1
583	659	384.0	-1
569	902	627.0	-1
588	316	41.0	+1
1409	735	460.0	-1
312	406	131.0	+1
220	549	274.0	-1
641	347	72.0	+1
1393	315	40.0	+1
687	598	323.0	-1
687	766	491.0	-1
1078	832	557.0	-1
861	22	253.0	-1
1591	553	278.0	-1
484	653	378.0	-1
486	397	122.0	+1
1128	883	608.0	-1
645	460	185.0	+1
618	645	370.0	-1
1472	893	618.0	-1
907	141	134.0	+1
646	77	198.0	+1
1236	648	373.0	-1
183	555	280.0	-1
256	935	660.0	-1
950	844	569.0	-1
781	684	409.0	-1
402	555	280.0	-1
1163	583	308.0	-1
1522	450	175.0	+1
392	460	185.0	+1
559	688	413.0	-1
226	458	183.0	+1
1103	254	21.0	+1
554	170	105.0	+1
325	476	201.0	+1
597	705	430.0	-1
912	16	259.0	-1
545	150	125.0	+1
279	5	270.0	-1
1333	424	149.0	+1
1335	302	27.0	+1
429	864	589.0	-1
168	496	221.0	+1
502	44	231.0	+1
327	592	317.0	-1
162	763	488.0	-1
1008	52	223.0	+1
274	946	671.0	-1
1582	696	421.0	-1
482	808	533.0	-1
1194	264	11.0	+1
504	850	575.0	-1
293	75	200.0	+1
398	447	172.0	+1
1424	871	596.0	-1
922	627	352.0	-1
969	21	254.0	-1
1055	808	533.0	-1
1454	162	113.0	+1
34	648	373.0	-1
830	935	660.0	-1
27	51	224.0	+1
446	597	322.0	-1
1296	723	448.0	-1
1451	473	198.0	+1
759	431	156.0	+1
977	33	242.0	+1
462	884	609.0	-1
875	114	161.0	+1
1000	405	130.0	+1
25	374	99.0	+1
152	856	581.0	-1
478	729	454.0	-1
115	472	197.0	+1
256	146	129.0	+1
294	942	667.0	-1
901	195	80.0	+1
1132	270	5.0	+1
1467	615	340.0	-1
1394	820	545.0	-1
1135	294	19.0	+1
322	618	343.0	-1
586	479	204.0	+1
247	272	3.0	+1
586	243	32.0	+1
433	443	168.0	+1
821	502	227.0	+1
1317	456	181.0	+1
1404	917	642.0	-1
1468	230	45.0	+1
808	368	93.0	+1
203	235	40.0	+1
1398	930	655.0	-1
1579	664	389.0	-1
520	491	216.0	+1
70	250	25.0	+1
1432	409	134.0	+1
91	4	271.0	-1
1423	799	524.0	-1
852	376	101.0	+1
337	895	620.0	-1
1439	45	230.0	+1
404	259	16.0	+1
779	801	526.0	-1
820	74	201.0	+1
792	554	279.0	-1
214	440	165.0	+1
825	219	56.0	+1
1510	427	152.0	+1
1349	495	220.0	+1
491	887	612.0	-1
96	507	232.0	+1
35	659	384.0	-1
1012	890	615.0	-1
762	538	263.0	-1
1329	804	529.0	-1
573	321	46.0	+1
263	574	299.0	-1
258	374	99.0	+1
17	529	254.0	-1
1160	908	633.0	-1
1267	941	666.0	-1
1176	737	462.0	-1
287	443	168.0	+1
1515	158	117.0	+1
860	645	370.0	-1
380	321	46.0	+1
746	697	422.0	-1
465	702	427.0	-1
767	132	143.0	+1
1232	475	200.0	+1
1586	294	19.0	+1
829	449	174.0	+1
1542	561	286.0	-1
490	40	235.0	+1
435	664	389.0	-1
849	559	284.0	-1
1106	468	193.0	+1
837	841	566.0	-1
1449	448	173.0	+1
933	88	187.0	+1
396	791	516.0	-1
1302	210	65.0	+1
785	882	607.0	-1
600	873	598.0	-1
1137	899	624.0	-1
11	168	107.0	+1
730	701	426.0	-1
1491	680	405.0	-1
863	101	174.0	+1
679	411	136.0	+1
330	131	144.0	+1
143	760	485.0	-1
146	438	163.0	+1
1322	585	310.0	-1
1135	496	221.0	+1
896	152	123.0	+1
1185	211	64.0	+1
775	770	495.0	-1
807	811	536.0	-1
22	367	92.0	+1
1217	153	122.0	+1
128	246	29.0	+1
1384	314	39.0	+1
566	46	229.0	+1
1366	573	298.0	-1
624	139	136.0	+1
1210	193	82.0	+1
576	331	56.0	+1
699	96	179.0	+1
1198	378	103.0	+1
116	425	150.0	+1
317	831	556.0	-1
933	816	541.0	-1
130	569	294.0	-1
941	216	59.0	+1
1365	813	538.0	-1
1294	798	523.0	-1
1461	406	131.0	+1
1542	729	454.0	-1
656	599	324.0	-1
1210	170	105.0	+1
202	503	228.0	+1
272	249	26.0	+1
405	924	649.0	-1
250	147	128.0	+1
625	331	56.0	+1
1054	886	611.0	-1
1069	457	182.0	+1
619	511	236.0	+1
217	243	32.0	+1
1101	191	84.0	+1
65	509	234.0	+1
580	510	235.0	+1
1055	256	19.0	+1
393	210	65.0	+1
1338	166	109.0	+1
696	893	618.0	-1
730	689	414.0	-1
237	642	367.0	-1
1276	802	527.0	-1
817	293	18.0	+1
224	550	275.0	-1
1595	808	533.0	-1
568	156	119.0	+1
945	185	90.0	+1
624	372	97.0	+1
1398	438	163.0	+1
126	710	435.0	-1
795	472	197.0	+1
336	618	343.0	-1
1296	595	320.0	-1
153	587	312.0	-1
1037	918	643.0	-1
633	763	488.0	-1
539	629	354.0	-1
1280	916	641.0	-1
572	766	491.0	-1
845	246	29.0	+1
1031	103	172.0	+1
1365	774	499.0	-1
436	77	198.0	+1
1598	649	374.0	-1
313	446	171.0	+1
685	674	399.0	-1
413	302	27.0	+1
839	71	204.0	+1
1512	690	415.0	-1
1398	563	288.0	-1
397	318	43.0	+1
622	483	208.0	+1
1072	521	246.0	+1
827	922	647.0	-1
507	735	460.0	-1
249	857	582.0	-1
502	488	213.0	+1
141	796	521.0	-1
803	267	8.0	+1
1471	828	553.0	-1
1016	335	60.0	+1
582	1	274.0	-1
1163	530	255.0	-1
431	509	234.0	+1
1490	370	95.0	+1
1526	192	83.0	+1
778	710	435.0	-1
1576	121	154.0	+1
91	871	596.0	-1
1323	837	562.0	-1
1362	707	432.0	-1
285	380	105.0	+1
767	156	119.0	+1
110	489	214.0	+1
1163	57	218.0	+1
1	110	165.0	+1
1048	886	611.0	-1
944	195	80.0	+1
385	769	494.0	-1
454	334	59.0	+1
917	657	382.0	-1
1551	564	289.0	-1
966	213	62.0	+1
726	911	636.0	-1
1470	140	135.0	+1
648	243	32.0	+1
1217	851	576.0	-1
1384	277	2.0	+1
1525	807	532.0	-1
1228	394	119.0	+1
1107	512	237.0	+1
406	203	72.0	+1
1360	384	109.0	+1
166	208	67.0	+1
441	684	409.0	-1
566	468	193.0	+1
1513	254	21.0	+1
863	794	519.0	-1
331	370	95.0	+1
1354	859	584.0	-1
120	812	537.0	-1
651	277	2.0	+1
923	471	196.0	+1
1154	730	455.0	-1
1496	931	656.0	-1
1008	339	64.0	+1
635	197	78.0	+1
1317	174	101.0	+1
303	151	124.0	+1
1310	714	439.0	-1
786	461	186.0	+1
1287	852	577.0	-1
1392	414	139.0	+1
442	561	286.0	-1
1484	789	514.0	-1
1589	636	361.0	-1
758	683	408.0	-1
238	318	43.0	+1
604	44	231.0	+1
1081	878	603.0	-1
54	504	229.0	+1
344	408	133.0	+1
939	723	448.0	-1
227	671	396.0	-1
578	233	42.0	+1
693	461	186.0	+1
690	266	9.0	+1
657	254	21.0	+1
973	564	289.0	-1
289	90	185.0	+1
1397	44	231.0	+1
1517	76	199.0	+1
435	199	76.0	+1
480	310	35.0	+1
812	613	338.0	-1
1338	697	422.0	-1
1219	481	206.0	+1
735	518	243.0	+1
448	744	469.0	-1
1256	898	623.0	-1
1142	933	658.0	-1
100	402	127.0	+1
623	154	121.0	+1
197	826	551.0	-1
452	355	80.0	+1
1448	886	611.0	-1
565	453	178.0	+1
594	9	266.0	-1
1217	672	397.0	-1
115	638	363.0	-1
1130	46	229.0	+1
496	266	9.0	+1
4	405	130.0	+1
122	65	210.0	+1
1321	708	433.0	-1
811	197	78.0	+1
472	204	71.0	+1
190	859	584.0	-1
1489	880	605.0	-1
176	765	490.0	-1
826	76	199.0	+1
654	112	163.0	+1
641	103	172.0	+1
561	399	124.0	+1
1031	493	218.0	+1
1465	28	247.0	+1
245	893	618.0	-1
953	676	401.0	-1
1523	311	36.0	+1
927	920	645.0	-1
7	805	530.0	-1
1563	935	660.0	-1
779	675	400.0	-1
1516	760	485.0	-1
923	395	120.0	+1
984	267	8.0	+1
1273	843	568.0	-1
764	924	649.0	-1
910	162	113.0	+1
275	19	256.0	-1
254	270	5.0	+1
356	509	234.0	+1
1466	866	591.0	-1
51	422	147.0	+1
44	749	474.0	-1
698	44	231.0	+1
1056	177	98.0	+1
1125	808	533.0	-1
1184	198	77.0	+1
1144	365	90.0	+1
239	749	474.0	-1
216	346	71.0	+1
97	296	21.0	+1
1020	288	13.0	+1
838	384	109.0	+1
838	26	249.0	+1
872	269	6.0	+1
841	903	628.0	-1
500	614	339.0	-1
1318	90	185.0	+1
412	446	171.0	+1
1367	664	389.0	-1
582	725	450.0	-1
1033	692	417.0	-1
1448	569	294.0	-1
86	360	85.0	+1
436	237	38.0	+1
653	692	417.0	-1
15	427	152.0	+1
1494	367	92.0	+1
1459	402	127.0	+1
1032	530	255.0	-1
582	122	153.0	+1
1136	212	63.0	+1
1091	769	494.0	-1
202	627	352.0	-1
1020	648	373.0	-1
1101	700	425.0	-1
990	770	495.0	-1
42	8	267.0	-1
1062	728	453.0	-1
1535	642	367.0	-1
864	689	414.0	-1
1158	837	562.0	-1
1012	466	191.0	+1
155	233	42.0	+1
30	616	341.0	-1
1471	107	168.0	+1
262	346	71.0	+1
1158	949	674.0	-1
110	145	130.0	+1
1117	406	131.0	+1
1536	439	164.0	+1
1576	718	443.0	-1
154	918	643.0	-1
1322	40	235.0	+1
884	531	256.0	-1
703	223	52.0	+1
1336	13	262.0	-1
74	370	95.0	+1
748	944	669.0	-1
938	700	425.0	-1
1139	312	37.0	+1
642	657	382.0	-1
1591	427	152.0	+1
467	505	230.0	+1
499	298	23.0	+1
999	122	153.0	+1
989	642	367.0	-1
1042	525	250.0	+1
655	727	452.0	-1
757	470	195.0	+1
143	395	120.0	+1
676	623	348.0	-1
512	828	553.0	-1
730	555	280.0	-1
120	416	141.0	+1
17	885	610.0	-1
269	136	139.0	+1
1270	13	262.0	-1
426	609	334.0	-1
222	514	239.0	+1
75	792	517.0	-1
960	789	514.0	-1
1410	609	334.0	-1
1204	98	177.0	+1
1471	926	651.0	-1
363	54	221.0	+1
795	122	153.0	+1
662	885	610.0	-1
921	548	273.0	-1
651	248	27.0	+1
383	511	236.0	+1
685	282	7.0	+1
1420	842	567.0	-1
575	332	57.0	+1
734	257	18.0	+1
335	458	183.0	+1
193	831	556.0	-1
455	59	216.0	+1
235	731	456.0	-1
1503	546	271.0	-1
127	242	33.0	+1
1196	26	249.0	+1
831	247	28.0	+1
655	823	548.0	-1
657	410	135.0	+1
476	817	542.0	-1
625	795	520.0	-1
43	175	100.0	+1
779	695	420.0	-1
445	447	172.0	+1
285	868	593.0	-1
635	710	435.0	-1
1457	142	133.0	+1
350	648	373.0	-1
1049	684	409.0	-1
813	863	588.0	-1
1299	621	346.0	-1
580	240	35.0	+1
1346	654	379.0	-1
900	649	374.0	-1
1316	703	428.0	-1
1382	612	337.0	-1
1197	54	221.0	+1
1096	105	170.0	+1
1263	550	275.0	-1
1508	201	74.0	+1
95	908	633.0	-1
441	280	5.0	+1
94	526	251.0	-1
1304	936	661.0	-1
305	555	280.0	-1
928	412	137.0	+1
675	410	135.0	+1
834	886	611.0	-1
966	779	504.0	-1
170	281	6.0	+1
1001	688	413.0	-1
1415	344	69.0	+1
1106	696	421.0	-1
1445	333	58.0	+1
1099	941	666.0	-1
1119	135	140.0	+1
30	51	224.0	+1
534	185	90.0	+1
183	6	269.0	-1
1447	516	241.0	+1
386	557	282.0	-1
1472	44	231.0	+1
871	688	413.0	-1
1503	752	477.0	-1
827	878	603.0	-1
38	727	452.0	-1
375	866	591.0	-1
1125	846	571.0	-1
1355	573	298.0	-1
999	299	24.0	+1
475	186	89.0	+1
841	814	539.0	-1
567	938	663.0	-1
342	582	307.0	-1
937	2	273.0	-1
572	273	2.0	+1
230	756	481.0	-1
1407	414	139.0	+1
1009	503	228.0	+1
1507	101	174.0	+1
109	121	154.0	+1
1572	401	126.0	+1
174	449	174.0	+1
110	363	88.0	+1
649	264	11.0	+1
688	234	41.0	+1
1439	654	379.0	-1
244	356	81.0	+1
304	390	115.0	+1
727	674	399.0	-1
1447	343	68.0	+1
430	313	38.0	+1
1108	353	78.0	+1
1544	811	536.0	-1
742	505	230.0	+1
780	98	177.0	+1
534	518	243.0	+1
16	167	108.0	+1
580	18	257.0	-1
1263	366	91.0	+1
244	644	369.0	-1
977	668	393.0	-1
257	860	585.0	-1
204	149	126.0	+1
1234	945	670.0	-1
385	925	650.0	-1
1276	662	387.0	-1
334	21	254.0	-1
1156	775	500.0	-1
871	901	626.0	-1
340	242	33.0	+1
629	206	69.0	+1
1413	58	217.0	+1
700	467	192.0	+1
39	337	62.0	+1
1129	437	162.0	+1
1170	694	419.0	-1
991	332	57.0	+1
230	457	182.0	+1
512	218	57.0	+1
173	442	167.0	+1
1038	448	173.0	+1
913	75	200.0	+1
63	710	435.0	-1
273	717	442.0	-1
274	128	147.0	+1
837	49	226.0	+1
391	678	403.0	-1
448	236	39.0	+1
934	520	245.0	+1
747	652	377.0	-1
766	748	473.0	-1
994	812	537.0	-1
651	519	244.0	+1
959	558	283.0	-1
582	881	606.0	-1
742	32	243.0	+1
1451	508	233.0	+1
1284	396	121.0	+1
1282	914	639.0	-1
164	695	420.0	-1
78	25	250.0	+1
224	400	125.0	+1
802	163	112.0	+1
1101	893	618.0	-1
1125	59	216.0	+1
788	753	478.0	-1
1111	237	38.0	+1
546	664	389.0	-1
207	230	45.0	+1
76	818	543.0	-1
874	709	434.0	-1
307	691	416.0	-1
239	342	67.0	+1
1514	35	240.0	+1
259	915	640.0	-1
345	499	224.0	+1
180	393	118.0	+1
906	151	124.0	+1
465	316	41.0	+1
105	890	615.0	-1
1090	290	15.0	+1
924	613	338.0	-1
1256	496	221.0	+1
606	622	347.0	-1
1179	627	352.0	-1
227	382	107.0	+1
1018	774	499.0	-1
676	105	170.0	+1
292	43	232.0	+1
554	929	654.0	-1
1491	855	580.0	-1
504	463	188.0	+1
402	278	3.0	+1
414	799	524.0	-1
633	775	500.0	-1
744	348	73.0	+1
1583	742	467.0	-1
1249	946	671.0	-1
427	600	325.0	-1
536	611	336.0	-1
1514	284	9.0	+1
1307	346	71.0	+1
248	445	170.0	+1
151	853	578.0	-1
1195	523	248.0	+1
255	461	186.0	+1
242	504	229.0	+1
415	372	97.0	+1
239	423	148.0	+1
1373	130	145.0	+1
1490	175	100.0	+1
1479	174	101.0	+1
621	79	196.0	+1
1292	388	113.0	+1
1271	493	218.0	+1
1279	629	354.0	-1
136	683	408.0	-1
1159	588	313.0	-1
936	426	151.0	+1
1339	919	644.0	-1
1268	70	205.0	+1
1103	205	70.0	+1
378	189	86.0	+1
1415	302	27.0	+1
423	65	210.0	+1
1519	436	161.0	+1
347	850	575.0	-1
737	297	22.0	+1
1421	409	134.0	+1
1184	246	29.0	+1
847	75	200.0	+1
709	585	310.0	-1
509	606	331.0	-1
726	10	265.0	-1
39	198	77.0	+1
311	251	24.0	+1
398	349	74.0	+1
1012	617	342.0	-1
1115	543	268.0	-1
629	36	239.0	+1
681	913	638.0	-1
1388	418	143.0	+1
532	560	285.0	-1
1054	897	622.0	-1
740	361	86.0	+1
1470	177	98.0	+1
529	187	88.0	+1
1338	855	580.0	-1
1208	785	510.0	-1
56	652	377.0	-1
1249	792	517.0	-1
1128	99	176.0	+1
1290	450	175.0	+1
1170	200	75.0	+1
1469	565	290.0	-1
1157	414	139.0	+1
915	714	439.0	-1
46	706	431.0	-1
1402	252	23.0	+1
573	440	165.0	+1
28	197	78.0	+1
792	478	203.0	+1
404	257	18.0	+1
776	253	22.0	+1
1491	287	12.0	+1
368	11	264.0	-1
648	71	204.0	+1
518	343	68.0	+1
312	363	88.0	+1
540	560	285.0	-1
819	191	84.0	+1
616	417	142.0	+1
174	649	374.0	-1
482	673	398.0	-1
644	761	486.0	-1
1502	505	230.0	+1
177	450	175.0	+1
214	57	218.0	+1
1392	677	402.0	-1
957	431	156.0	+1
281	314	39.0	+1
171	538	263.0	-1
1075	948	673.0	-1
1109	58	217.0	+1
757	113	162.0	+1
621	738	463.0	-1
1164	236	39.0	+1
435	919	644.0	-1
638	426	151.0	+1
1457	306	31.0	+1
101	330	55.0	+1
1124	769	494.0	-1
1483	247	28.0	+1
612	68	207.0	+1
1456	908	633.0	-1
109	79	196.0	+1
553	677	402.0	-1
644	684	409.0	-1
1590	702	427.0	-1
1217	821	546.0	-1
1306	721	446.0	-1
466	289	14.0	+1
701	191	84.0	+1
1512	393	118.0	+1
1412	545	270.0	-1
612	27	248.0	+1
1483	79	196.0	+1
1363	782	507.0	-1
15	552	277.0	-1
319	376	101.0	+1
1132	416	141.0	+1
289	321	46.0	+1
728	849	574.0	-1
263	284	9.0	+1
1253	840	565.0	-1
395	897	622.0	-1
495	822	547.0	-1
349	180	95.0	+1
297	45	230.0	+1
1423	124	151.0	+1
520	812	537.0	-1
21	824	549.0	-1
808	792	517.0	-1
912	458	183.0	+1
386	452	177.0	+1
222	732	457.0	-1
1552	67	208.0	+1
871	847	572.0	-1
1071	336	61.0	+1
296	783	508.0	-1
405	906	631.0	-1
734	717	442.0	-1
396	811	536.0	-1
498	85	190.0	+1
1277	905	630.0	-1
389	420	145.0	+1
1109	324	49.0	+1
617	425	150.0	+1
1524	47	228.0	+1
1114	694	419.0	-1
933	256	19.0	+1
1120	488	213.0	+1
590	673	398.0	-1
1190	594	319.0	-1
298	769	494.0	-1
1145	795	520.0	-1
255	476	201.0	+1
1522	194	81.0	+1
696	743	468.0	-1
475	157	118.0	+1
107	148	127.0	+1
798	643	368.0	-1
256	361	86.0	+1
661	230	45.0	+1
761	620	345.0	-1
793	809	534.0	-1
102	491	216.0	+1
540	158	117.0	+1
695	92	183.0	+1
344	572	297.0	-1
791	680	405.0	-1
1550	765	490.0	-1
1574	313	38.0	+1
858	678	403.0	-1
1586	64	211.0	+1
22	136	139.0	+1
1595	575	300.0	-1
1082	682	407.0	-1
1186	185	90.0	+1
672	697	422.0	-1
672	231	44.0	+1
54	869	594.0	-1
842	112	163.0	+1
997	580	305.0	-1
447	770	495.0	-1
1348	773	498.0	-1
809	538	263.0	-1
1442	109	166.0	+1
99	298	23.0	+1
226	635	360.0	-1
258	593	318.0	-1
551	92	183.0	+1
193	781	506.0	-1
757	544	269.0	-1
89	507	232.0	+1
1212	833	558.0	-1
888	161	114.0	+1
1027	820	545.0	-1
1000	103	172.0	+1
129	122	153.0	+1
1006	649	374.0	-1
1253	194	81.0	+1
121	468	193.0	+1
1264	602	327.0	-1
234	330	55.0	+1
17	740	465.0	-1
1003	890	615.0	-1
105	402	127.0	+1
601	487	212.0	+1
1411	439	164.0	+1
1156	809	534.0	-1
731	375	100.0	+1
79	919	644.0	-1
1574	714	439.0	-1
926	598	323.0	-1
272	881	606.0	-1
1081	208	67.0	+1
8	428	153.0	+1
632	636	361.0	-1
136	356	81.0	+1
1466	847	572.0	-1
1218	773	498.0	-1
1322	524	249.0	+1
161	508	233.0	+1
86	400	125.0	+1
1252	885	610.0	-1
1403	525	250.0	+1
665	394	119.0	+1
1017	617	342.0	-1
355	595	320.0	-1
287	541	266.0	-1
1498	591	316.0	-1
389	476	201.0	+1
93	20	255.0	-1
1220	17	258.0	-1
84	684	409.0	-1
1487	607	332.0	-1
1250	236	39.0	+1
1238	468	193.0	+1
1098	715	440.0	-1
500	858	583.0	-1
13	455	180.0	+1
519	747	472.0	-1
989	884	609.0	-1
755	355	80.0	+1
1238	520	245.0	+1
880	369	94.0	+1
1311	158	117.0	+1
1236	80	195.0	+1
898	2	273.0	-1
382	672	397.0	-1
1121	708	433.0	-1
813	762	487.0	-1
764	281	6.0	+1
1415	104	171.0	+1
1520	868	593.0	-1
1209	726	451.0	-1
611	193	82.0	+1
1309	267	8.0	+1
1428	567	292.0	-1
296	914	639.0	-1
280	248	27.0	+1
255	574	299.0	-1
198	716	441.0	-1
994	351	76.0	+1
1459	186	89.0	+1
1082	915	640.0	-1
790	109	166.0	+1
121	473	198.0	+1
1391	793	518.0	-1
486	806	531.0	-1
634	168	107.0	+1
925	768	493.0	-1
365	923	648.0	-1
1549	705	430.0	-1
1125	339	64.0	+1
985	752	477.0	-1
856	8	267.0	-1
948	451	176.0	+1
1030	154	121.0	+1
286	929	654.0	-1
1156	931	656.0	-1
1008	635	360.0	-1
555	60	215.0	+1
685	721	446.0	-1
57	696	421.0	-1
384	424	149.0	+1
1281	513	238.0	+1
1244	616	341.0	-1
1367	576	301.0	-1
440	282	7.0	+1
767	381	106.0	+1
1200	516	241.0	+1
141	936	661.0	-1
913	319	44.0	+1
1531	62	213.0	+1
482	578	303.0	-1
765	426	151.0	+1
1033	260	15.0	+1
654	911	636.0	-1
719	621	346.0	-1
1439	62	213.0	+1
1283	54	221.0	+1
32	540	265.0	-1
1495	227	48.0	+1
813	565	290.0	-1
1280	460	185.0	+1
1559	912	637.0	-1
543	297	22.0	+1
562	901	626.0	-1
1165	121	154.0	+1
1392	758	483.0	-1
895	834	559.0	-1
1460	295	20.0	+1
683	480	205.0	+1
209	902	627.0	-1
1231	16	259.0	-1
1397	691	416.0	-1
1340	753	478.0	-1
332	778	503.0	-1
90	623	348.0	-1
485	772	497.0	-1
1532	285	10.0	+1
266	406	131.0	+1
1150	567	292.0	-1
589	433	158.0	+1
1030	562	287.0	-1
849	73	202.0	+1
1288	628	353.0	-1
980	64	211.0	+1
613	349	74.0	+1
186	176	99.0	+1
1376	281	6.0	+1
1339	891	616.0	-1
447	194	81.0	+1
1501	462	187.0	+1
1584	582	307.0	-1
996	732	457.0	-1
1500	759	484.0	-1
300	298	23.0	+1
501	592	317.0	-1
894	251	24.0	+1
995	616	341.0	-1
1111	170	105.0	+1
885	387	112.0	+1
548	907	632.0	-1
88	911	636.0	-1
419	128	147.0	+1
119	14	261.0	-1
1566	139	136.0	+1
792	169	106.0	+1
1199	703	428.0	-1
1436	199	76.0	+1
786	837	562.0	-1
419	697	422.0	-1
1274	511	236.0	+1
528	534	259.0	-1
1064	342	67.0	+1
1172	420	145.0	+1
1052	76	199.0	+1
1087	907	632.0	-1
946	148	127.0	+1
1469	545	270.0	-1
1087	444	169.0	+1
209	322	47.0	+1
1555	782	507.0	-1
216	722	447.0	-1
936	267	8.0	+1
483	409	134.0	+1
675	230	45.0	+1
1538	720	445.0	-1
1400	514	239.0	+1
249	82	193.0	+1
465	137	138.0	+1
967	543	268.0	-1
551	44	231.0	+1
1499	308	33.0	+1
1349	746	471.0	-1
107	589	314.0	-1
1442	33	242.0	+1
849	259	16.0	+1
7	621	346.0	-1
1591	391	116.0	+1
1047	572	297.0	-1
315	828	553.0	-1
377	421	146.0	+1
1421	636	361.0	-1
758	705	430.0	-1
1486	771	496.0	-1
871	242	33.0	+1
745	936	661.0	-1
94	175	100.0	+1
1256	13	262.0	-1
111	128	147.0	+1
443	784	509.0	-1
1404	399	124.0	+1
679	899	624.0	-1
250	588	313.0	-1
588	169	106.0	+1
322	428	153.0	+1
1163	196	79.0	+1
560	843	568.0	-1
1050	204	71.0	+1
1406	782	507.0	-1
1308	74	201.0	+1
441	511	236.0	+1
1518	64	211.0	+1
631	427	152.0	+1
63	250	25.0	+1
1510	669	394.0	-1
1514	238	37.0	+1
401	547	272.0	-1
665	513	238.0	+1
996	457	182.0	+1
666	285	10.0	+1
1085	3	272.0	-1
1479	852	577.0	-1
74	131	144.0	+1
1132	887	612.0	-1
356	322	47.0	+1
765	586	311.0	-1
658	627	352.0	-1
226	363	88.0	+1
1285	580	305.0	-1
1337	786	511.0	-1
452	460	185.0	+1
662	572	297.0	-1
676	45	230.0	+1
1294	285	10.0	+1
459	144	131.0	+1
57	702	427.0	-1
1339	234	41.0	+1
41	604	329.0	-1
331	739	464.0	-1
14	537	262.0	-1
207	162	113.0	+1
341	537	262.0	-1
1420	827	552.0	-1
630	579	304.0	-1
524	633	358.0	-1
654	685	410.0	-1
321	19	256.0	-1
259	330	55.0	+1
1441	255	20.0	+1
1272	176	99.0	+1
223	440	165.0	+1
1164	121	154.0	+1
361	61	214.0	+1
1352	32	243.0	+1
33	282	7.0	+1
1408	467	192.0	+1
1425	285	10.0	+1
504	334	59.0	+1
1092	379	104.0	+1
611	137	138.0	+1
1587	219	56.0	+1
306	440	165.0	+1
801	704	429.0	-1
624	118	157.0	+1
691	425	150.0	+1
133	587	312.0	-1
70	789	514.0	-1
1558	622	347.0	-1
957	506	231.0	+1
1145	32	243.0	+1
271	463	188.0	+1
714	711	436.0	-1
1092	406	131.0	+1
169	896	621.0	-1
707	8	267.0	-1
1472	838	563.0	-1
561	347	72.0	+1
1161	284	9.0	+1
1240	59	216.0	+1
761	915	640.0	-1
678	507	232.0	+1
750	805	530.0	-1
565	296	21.0	+1
988	353	78.0	+1
1169	871	596.0	-1
803	549	274.0	-1
1571	831	556.0	-1
359	69	206.0	+1
497	863	588.0	-1
261	906	631.0	-1
335	177	98.0	+1
51	636	361.0	-1
1121	350	75.0	+1
1432	880	605.0	-1
1177	712	437.0	-1
1291	754	479.0	-1
233	723	448.0	-1
1355	410	135.0	+1
1395	526	251.0	-1
1198	396	121.0	+1
244	843	568.0	-1
275	1	274.0	-1
92	619	344.0	-1
532	481	206.0	+1
1596	510	235.0	+1
388	112	163.0	+1
1191	454	179.0	+1
1234	895	620.0	-1
727	30	245.0	+1
1549	181	94.0	+1
423	57	218.0	+1
798	732	457.0	-1
353	265	10.0	+1
265	312	37.0	+1
1065	139	136.0	+1
940	648	373.0	-1
450	408	133.0	+1
705	637	362.0	-1
1396	609	334.0	-1
1335	51	224.0	+1
1124	615	340.0	-1
620	598	323.0	-1
1521	449	174.0	+1
485	25	250.0	+1
268	797	522.0	-1
1543	268	7.0	+1
1104	146	129.0	+1
776	840	565.0	-1
1437	348	73.0	+1
1313	95	180.0	+1
352	814	539.0	-1
1404	371	96.0	+1
763	918	643.0	-1
1567	341	66.0	+1
1357	739	464.0	-1
1134	839	564.0	-1
757	55	220.0	+1
1176	796	521.0	-1
1421	879	604.0	-1
1170	599	324.0	-1
1172	603	328.0	-1
1327	873	598.0	-1
1249	251	24.0	+1
790	363	88.0	+1
983	686	411.0	-1
1587	700	425.0	-1
709	258	17.0	+1
452	101	174.0	+1
791	181	94.0	+1
1101	812	537.0	-1
636	576	301.0	-1
1519	558	283.0	-1
539	322	47.0	+1
810	773	498.0	-1
1432	505	230.0	+1
291	945	670.0	-1
367	230	45.0	+1
1491	13	262.0	-1
1545	142	133.0	+1
631	464	189.0	+1
539	322	47.0	+1
671	555	280.0	-1
37	304	29.0	+1
455	635	360.0	-1
1375	96	179.0	+1
862	304	29.0	+1
710	289	14.0	+1
465	935	660.0	-1
361	875	600.0	-1
1114	262	13.0	+1
481	796	521.0	-1
1034	222	53.0	+1
1502	516	241.0	+1
604	315	40.0	+1
445	296	21.0	+1
693	872	597.0	-1
311	443	168.0	+1
201	844	569.0	-1
1001	194	81.0	+1
135	527	252.0	-1
1028	707	432.0	-1
768	829	554.0	-1
1459	680	405.0	-1
111	933	658.0	-1
698	502	227.0	+1
1516	358	83.0	+1
377	765	490.0	-1
113	328	53.0	+1
20	485	210.0	+1
1015	606	331.0	-1
826	454	179.0	+1
1340	670	395.0	-1
1426	137	138.0	+1
916	439	164.0	+1
706	207	68.0	+1
23	157	118.0	+1
242	156	119.0	+1
1463	873	598.0	-1
1103	867	592.0	-1
1130	931	656.0	-1
199	424	149.0	+1
195	820	545.0	-1
71	483	208.0	+1
325	376	101.0	+1
489	664	389.0	-1
1564	792	517.0	-1
214	816	541.0	-1
490	779	504.0	-1
657	786	511.0	-1
1223	901	626.0	-1
938	907	632.0	-1
1511	507	232.0	+1
47	61	214.0	+1
379	683	408.0	-1
904	736	461.0	-1
521	316	41.0	+1
538	118	157.0	+1
95	81	194.0	+1
1265	466	191.0	+1
1109	363	88.0	+1
1392	663	388.0	-1
404	544	269.0	-1
560	640	365.0	-1
1403	84	191.0	+1
791	560	285.0	-1
1270	198	77.0	+1
1345	404	129.0	+1
316	920	645.0	-1
426	634	359.0	-1
1506	654	379.0	-1
1019	78	197.0	+1
1590	340	65.0	+1
117	574	299.0	-1
44	358	83.0	+1
580	237	38.0	+1
1518	261	14.0	+1
968	31	244.0	+1
720	837	562.0	-1
1565	422	147.0	+1
1072	875	600.0	-1
673	386	111.0	+1
514	309	34.0	+1
391	525	250.0	+1
754	108	167.0	+1
988	277	2.0	+1
1270	898	623.0	-1
1109	607	332.0	-1
156	379	104.0	+1
1427	272	3.0	+1
589	289	14.0	+1
1082	362	87.0	+1
385	690	415.0	-1
914	28	247.0	+1
963	235	40.0	+1
777	532	257.0	-1
28	315	40.0	+1
883	24	251.0	-1
810	672	397.0	-1
51	543	268.0	-1
411	892	617.0	-1
1494	118	157.0	+1
918	556	281.0	-1
104	859	584.0	-1
547	412	137.0	+1
866	501	226.0	+1
1325	251	24.0	+1
762	817	542.0	-1
908	914	639.0	-1
740	127	148.0	+1
784	682	407.0	-1
1232	583	308.0	-1
737	726	451.0	-1
292	870	595.0	-1
1392	779	504.0	-1
677	784	509.0	-1
430	147	128.0	+1
1443	677	402.0	-1
1403	197	78.0	+1
732	617	342.0	-1
1412	701	426.0	-1
213	534	259.0	-1
140	914	639.0	-1
371	914	639.0	-1
1235	331	56.0	+1
1182	180	95.0	+1
1077	445	170.0	+1
252	1	274.0	-1
220	205	70.0	+1
257	757	482.0	-1
975	22	253.0	-1
1208	420	145.0	+1
596	526	251.0	-1
1114	620	345.0	-1
786	158	117.0	+1
389	130	145.0	+1
135	95	180.0	+1
556	260	15.0	+1
1560	222	53.0	+1
1015	326	51.0	+1
651	127	148.0	+1
1473	162	113.0	+1
529	349	74.0	+1
206	282	7.0	+1
70	158	117.0	+1
1281	243	32.0	+1
1348	20	255.0	-1
741	406	131.0	+1
835	740	465.0	-1
61	943	668.0	-1
1330	67	208.0	+1
1183	298	23.0	+1
659	77	198.0	+1
279	262	13.0	+1
1403	716	441.0	-1
305	708	433.0	-1
1381	819	544.0	-1
862	827	552.0	-1
673	31	244.0	+1
424	849	574.0	-1
1071	761	486.0	-1
927	893	618.0	-1
485	406	131.0	+1
661	599	324.0	-1
311	11	264.0	-1
264	793	518.0	-1
1517	15	260.0	-1
1519	496	221.0	+1
1508	791	516.0	-1
1105	800	525.0	-1
1340	79	196.0	+1
659	825	550.0	-1
395	922	647.0	-1
404	53	222.0	+1
1053	824	549.0	-1
1462	399	124.0	+1
838	38	237.0	+1
190	796	521.0	-1
1559	900	625.0	-1
125	113	162.0	+1
1335	91	184.0	+1
344	621	346.0	-1
956	56	219.0	+1
449	229	46.0	+1
31	915	640.0	-1
592	155	120.0	+1
1361	570	295.0	-1
166	820	545.0	-1
814	52	223.0	+1
988	535	260.0	-1
1287	564	289.0	-1
132	396	121.0	+1
46	823	548.0	-1
1519	129	146.0	+1
256	630	355.0	-1
97	421	146.0	+1
1281	547	272.0	-1
826	777	502.0	-1
1406	404	129.0	+1
1176	319	44.0	+1
830	903	628.0	-1
692	409	134.0	+1
1343	744	469.0	-1
406	941	666.0	-1
529	298	23.0	+1
40	826	551.0	-1
1244	728	453.0	-1
82	749	474.0	-1
478	433	158.0	+1
907	153	122.0	+1
804	897	622.0	-1
751	279	4.0	+1
504	165	110.0	+1
458	771	496.0	-1
1503	911	636.0	-1
117	315	40.0	+1
417	578	303.0	-1
1157	250	25.0	+1
1337	340	65.0	+1
19	863	588.0	-1
427	639	364.0	-1
466	574	299.0	-1
124	738	463.0	-1
335	501	226.0	+1
473	575	300.0	-1
421	862	587.0	-1
706	442	167.0	+1
1018	52	223.0	+1
1464	168	107.0	+1
393	644	369.0	-1
395	298	23.0	+1
712	196	79.0	+1
62	106	169.0	+1
1010	904	629.0	-1
1344	773	498.0	-1
443	108	167.0	+1
1015	74	201.0	+1
662	501	226.0	+1
44	811	536.0	-1
984	190	85.0	+1
1384	917	642.0	-1
406	606	331.0	-1
975	792	517.0	-1
1097	718	443.0	-1
1463	252	23.0	+1
1024	145	130.0	+1
1478	352	77.0	+1
6	194	81.0	+1
1252	51	224.0	+1
867	50	225.0	+1
1412	736	461.0	-1
591	24	251.0	-1
1060	441	166.0	+1
1575	442	167.0	+1
528	511	236.0	+1
1241	673	398.0	-1
235	539	264.0	-1
932	70	205.0	+1
1080	320	45.0	+1
718	863	588.0	-1
581	245	30.0	+1
270	20	255.0	-1
1044	390	115.0	+1
1570	158	117.0	+1
555	73	202.0	+1
515	755	480.0	-1
1231	706	431.0	-1
506	198	77.0	+1
629	865	590.0	-1
1223	662	387.0	-1
711	150	125.0	+1
247	781	506.0	-1
1397	154	121.0	+1
502	632	357.0	-1
195	286	11.0	+1
368	713	438.0	-1
22	268	7.0	+1
527	159	116.0	+1
1032	483	208.0	+1
1192	840	565.0	-1
697	505	230.0	+1
553	794	519.0	-1
36	663	388.0	-1
347	238	37.0	+1
1337	434	159.0	+1
1468	288	13.0	+1
440	745	470.0	-1
1433	920	645.0	-1
56	805	530.0	-1
819	422	147.0	+1
756	535	260.0	-1
1461	352	77.0	+1
1262	833	558.0	-1
1070	800	525.0	-1
288	646	371.0	-1
513	920	645.0	-1
235	673	398.0	-1
878	796	521.0	-1
818	60	215.0	+1
356	737	462.0	-1
1402	101	174.0	+1
650	920	645.0	-1
1087	171	104.0	+1
441	770	495.0	-1
697	480	205.0	+1
801	908	633.0	-1
726	523	248.0	+1
1479	229	46.0	+1
413	489	214.0	+1
713	599	324.0	-1
327	242	33.0	+1
1430	703	428.0	-1
1041	94	181.0	+1
40	362	87.0	+1
441	507	232.0	+1
964	101	174.0	+1
705	475	200.0	+1
74	709	434.0	-1
465	222	53.0	+1
597	77	198.0	+1
990	506	231.0	+1
1464	737	462.0	-1
963	462	187.0	+1
856	602	327.0	-1
980	50	225.0	+1
324	599	324.0	-1
806	947	672.0	-1
1248	610	335.0	-1
794	216	59.0	+1
1039	675	400.0	-1
61	258	17.0	+1
659	63	212.0	+1
656	728	453.0	-1
1150	260	15.0	+1
256	365	90.0	+1
748	178	97.0	+1
1086	363	88.0	+1
51	104	171.0	+1
1292	184	91.0	+1
29	416	141.0	+1
1035	578	303.0	-1
1197	318	43.0	+1
1499	436	161.0	+1
588	632	357.0	-1
77	492	217.0	+1
394	769	494.0	-1
1459	907	632.0	-1
412	414	139.0	+1
1271	46	229.0	+1
399	900	625.0	-1
1137	505	230.0	+1
1046	87	188.0	+1
713	373	98.0	+1
1420	920	645.0	-1
492	23	252.0	-1
236	825	550.0	-1
393	345	70.0	+1
78	689	414.0	-1
381	71	204.0	+1
857	286	11.0	+1
879	685	410.0	-1
1254	294	19.0	+1
1271	193	82.0	+1
1057	514	239.0	+1
1046	197	78.0	+1
705	528	253.0	-1
817	891	616.0	-1
294	908	633.0	-1
884	408	133.0	+1
1093	416	141.0	+1
982	376	101.0	+1
877	546	271.0	-1
1392	748	473.0	-1
854	65	210.0	+1
1421	468	193.0	+1
67	485	210.0	+1
502	366	91.0	+1
176	694	419.0	-1
1534	814	539.0	-1
827	473	198.0	+1
446	189	86.0	+1
1229	826	551.0	-1
581	584	309.0	-1
48	54	221.0	+1
1408	780	505.0	-1
1555	490	215.0	+1
1414	419	144.0	+1
630	600	325.0	-1
884	756	481.0	-1
491	878	603.0	-1
870	610	335.0	-1
619	199	76.0	+1
880	846	571.0	-1
1152	527	252.0	-1
528	587	312.0	-1
249	562	287.0	-1
196	597	322.0	-1
379	652	377.0	-1
338	666	391.0	-1
272	451	176.0	+1
1412	92	183.0	+1
215	41	234.0	+1
375	260	15.0	+1
1520	893	618.0	-1
1429	310	35.0	+1
1232	810	535.0	-1
870	46	229.0	+1
1033	737	462.0	-1
499	488	213.0	+1
94	600	325.0	-1
1534	539	264.0	-1
789	292	17.0	+1
1579	929	654.0	-1
1431	793	518.0	-1
577	310	35.0	+1
153	43	232.0	+1
458	28	247.0	+1
1014	197	78.0	+1
792	349	74.0	+1
746	487	212.0	+1
896	804	529.0	-1
246	321	46.0	+1
1560	827	552.0	-1
1242	78	197.0	+1
123	61	214.0	+1
1381	391	116.0	+1
293	28	247.0	+1
1265	479	204.0	+1
1541	14	261.0	-1
815	603	328.0	-1
827	442	167.0	+1
70	80	195.0	+1
1084	445	170.0	+1
903	132	143.0	+1
1447	515	240.0	+1
1467	147	128.0	+1
1272	265	10.0	+1
745	394	119.0	+1
1290	184	91.0	+1
1439	511	236.0	+1
729	530	255.0	-1
52	490	215.0	+1
1569	292	17.0	+1
799	216	59.0	+1
1000	829	554.0	-1
1452	300	25.0	+1
226	264	11.0	+1
720	365	90.0	+1
732	464	189.0	+1
1562	73	202.0	+1
394	69	206.0	+1
141	41	234.0	+1
675	822	547.0	-1
542	474	199.0	+1
940	45	230.0	+1
82	622	347.0	-1
851	424	149.0	+1
865	135	140.0	+1
26	748	473.0	-1
1145	642	367.0	-1
1564	290	15.0	+1
743	844	569.0	-1
994	419	144.0	+1
199	925	650.0	-1
1097	310	35.0	+1
790	598	323.0	-1
1486	384	109.0	+1
819	663	388.0	-1
1371	421	146.0	+1
480	883	608.0	-1
353	638	363.0	-1
1453	604	329.0	-1
520	853	578.0	-1
1405	750	475.0	-1
1402	848	573.0	-1
1154	765	490.0	-1
1055	592	317.0	-1
425	932	657.0	-1
1213	917	642.0	-1
1041	148	127.0	+1
475	593	318.0	-1
1138	574	299.0	-1
808	934	659.0	-1
1202	804	529.0	-1
1006	626	351.0	-1
1502	679	404.0	-1
460	483	208.0	+1
1576	458	183.0	+1
1423	594	319.0	-1
852	788	513.0	-1
1598	393	118.0	+1
213	76	199.0	+1
1436	759	484.0	-1
673	115	160.0	+1
115	0	275.0	-1
814	289	14.0	+1
319	447	172.0	+1
1409	885	610.0	-1
210	666	391.0	-1
843	653	378.0	-1
1434	565	290.0	-1
794	941	666.0	-1
727	428	153.0	+1
1287	106	169.0	+1
855	730	455.0	-1
7	379	104.0	+1
1265	661	386.0	-1
225	824	549.0	-1
1149	242	33.0	+1
67	939	664.0	-1
671	125	150.0	+1
669	897	622.0	-1
1199	714	439.0	-1
608	155	120.0	+1
756	431	156.0	+1
320	40	235.0	+1
756	319	44.0	+1
571	644	369.0	-1
697	769	494.0	-1
867	8	267.0	-1
1094	310	35.0	+1
1367	124	151.0	+1
705	177	98.0	+1
556	933	658.0	-1
1455	779	504.0	-1
604	106	169.0	+1
695	630	355.0	-1
649	554	279.0	-1
176	272	3.0	+1
749	50	225.0	+1
874	293	18.0	+1
150	862	587.0	-1
1368	903	628.0	-1
1522	809	534.0	-1
40	506	231.0	+1
1021	842	567.0	-1
1362	607	332.0	-1
465	206	69.0	+1
1472	812	537.0	-1
1133	819	544.0	-1
384	349	74.0	+1
982	503	228.0	+1
445	366	91.0	+1
148	792	517.0	-1
1569	263	12.0	+1
1317	687	412.0	-1
10	750	475.0	-1
270	854	579.0	-1
1209	386	111.0	+1
918	302	27.0	+1
1117	148	127.0	+1
1427	826	551.0	-1
411	399	124.0	+1
1261	282	7.0	+1
1082	919	644.0	-1
99	861	586.0	-1
685	595	320.0	-1
1323	866	591.0	-1
336	322	47.0	+1
1135	270	5.0	+1
344	529	254.0	-1
596	866	591.0	-1
593	738	463.0	-1
870	84	191.0	+1
1020	857	582.0	-1
969	853	578.0	-1
440	946	671.0	-1
829	665	390.0	-1
902	799	524.0	-1
390	651	376.0	-1
831	693	418.0	-1
1225	420	145.0	+1
594	635	360.0	-1
964	593	318.0	-1
756	56	219.0	+1
531	623	348.0	-1
1293	128	147.0	+1
1438	760	485.0	-1
1104	489	214.0	+1
584	703	428.0	-1
1206	127	148.0	+1
1040	868	593.0	-1
243	75	200.0	+1
1091	433	158.0	+1
398	162	113.0	+1
267	408	133.0	+1
317	276	1.0	+1
1480	807	532.0	-1
195	542	267.0	-1
1303	254	21.0	+1
1594	773	498.0	-1
1335	683	408.0	-1
1237	514	239.0	+1
1497	874	599.0	-1
249	221	54.0	+1
831	412	137.0	+1
311	934	659.0	-1
122	368	93.0	+1
963	290	15.0	+1
8	280	5.0	+1
159	430	155.0	+1
649	663	388.0	-1
265	579	304.0	-1
1153	301	26.0	+1
192	720	445.0	-1
95	152	123.0	+1
666	311	36.0	+1
117	459	184.0	+1
614	456	181.0	+1
723	622	347.0	-1
245	846	571.0	-1
1127	87	188.0	+1
687	122	153.0	+1
762	422	147.0	+1
1017	343	68.0	+1
874	683	408.0	-1
547	711	436.0	-1
1449	949	674.0	-1
67	655	380.0	-1
532	713	438.0	-1
296	488	213.0	+1
410	271	4.0	+1
1451	466	191.0	+1
1261	152	123.0	+1
496	264	11.0	+1
1302	763	488.0	-1
406	495	220.0	+1
533	376	101.0	+1
1382	88	187.0	+1
845	403	128.0	+1
1496	814	539.0	-1
1203	808	533.0	-1
1430	402	127.0	+1
14	702	427.0	-1
418	638	363.0	-1
1546	315	40.0	+1
1202	163	112.0	+1
1449	184	91.0	+1
539	540	265.0	-1
1169	364	89.0	+1
194	601	326.0	-1
860	708	433.0	-1
1036	660	385.0	-1
1278	88	187.0	+1
1426	189	86.0	+1
1237	188	87.0	+1
560	204	71.0	+1
1406	224	51.0	+1
405	931	656.0	-1
1252	573	298.0	-1
668	275	0.0	+1
753	192	83.0	+1
1386	459	184.0	+1
804	338	63.0	+1
373	361	86.0	+1
811	203	72.0	+1
1078	157	118.0	+1
521	641	366.0	-1
829	570	295.0	-1
925	674	399.0	-1
1527	924	649.0	-1
1280	184	91.0	+1
740	747	472.0	-1
633	632	357.0	-1
812	908	633.0	-1
1418	261	14.0	+1
1272	182	93.0	+1
92	776	501.0	-1
701	626	351.0	-1
993	464	189.0	+1
110	934	659.0	-1
1045	386	111.0	+1
1406	256	19.0	+1
1419	404	129.0	+1
1379	219	56.0	+1
1103	137	138.0	+1
173	428	153.0	+1
549	598	323.0	-1
1145	674	399.0	-1
1355	488	213.0	+1
1566	336	61.0	+1
757	934	659.0	-1
953	597	322.0	-1
987	398	123.0	+1
383	557	282.0	-1
236	301	26.0	+1
578	319	44.0	+1
685	420	145.0	+1
546	731	456.0	-1
72	348	73.0	+1
390	179	96.0	+1
1585	634	359.0	-1
936	883	608.0	-1
1255	425	150.0	+1
977	13	262.0	-1
1119	93	182.0	+1
1591	132	143.0	+1
1002	366	91.0	+1
565	947	672.0	-1
210	168	107.0	+1
258	687	412.0	-1
291	296	21.0	+1
146	430	155.0	+1
1325	798	523.0	-1
624	822	547.0	-1
1006	850	575.0	-1
1598	575	300.0	-1
1332	770	495.0	-1
1390	601	326.0	-1
916	441	166.0	+1
752	424	149.0	+1
1051	527	252.0	-1
457	262	13.0	+1
1330	267	8.0	+1
66	714	439.0	-1
1098	430	155.0	+1
365	160	115.0	+1
153	830	555.0	-1
1498	520	245.0	+1
521	221	54.0	+1
1557	852	577.0	-1
1036	947	672.0	-1
592	630	355.0	-1
890	616	341.0	-1
1230	767	492.0	-1
78	214	61.0	+1
428	524	249.0	+1
1512	705	430.0	-1
833	782	507.0	-1
1571	623	348.0	-1
598	171	104.0	+1
929	691	416.0	-1
1373	387	112.0	+1
400	454	179.0	+1
1310	627	352.0	-1
1334	671	396.0	-1
1510	368	93.0	+1
412	381	106.0	+1
149	235	40.0	+1
537	930	655.0	-1
1596	704	429.0	-1
290	55	220.0	+1
38	459	184.0	+1
118	625	350.0	-1
731	546	271.0	-1
676	531	256.0	-1
1271	510	235.0	+1
50	626	351.0	-1
1413	219	56.0	+1
1400	260	15.0	+1
441	265	10.0	+1
616	876	601.0	-1
349	864	589.0	-1
6	763	488.0	-1
1473	189	86.0	+1
1399	851	576.0	-1
1206	202	73.0	+1
1143	803	528.0	-1
426	50	225.0	+1
914	828	553.0	-1
372	715	440.0	-1
841	298	23.0	+1
1054	47	228.0	+1
1565	752	477.0	-1
1314	315	40.0	+1
976	611	336.0	-1
224	424	149.0	+1
71	476	201.0	+1
504	222	53.0	+1
1370	652	377.0	-1
934	647	372.0	-1
707	245	30.0	+1
1298	819	544.0	-1
358	948	673.0	-1
98	493	218.0	+1
297	463	188.0	+1
450	242	33.0	+1
487	531	256.0	-1
173	265	10.0	+1
778	389	114.0	+1
1445	77	198.0	+1
320	206	69.0	+1
62	813	538.0	-1
854	162	113.0	+1
1236	278	3.0	+1
840	200	75.0	+1
1126	159	116.0	+1
1226	520	245.0	+1
970	938	663.0	-1
931	127	148.0	+1
171	584	309.0	-1
110	111	164.0	+1
600	898	623.0	-1
894	587	312.0	-1
212	329	54.0	+1
395	33	242.0	+1
561	925	650.0	-1
1375	803	528.0	-1
337	411	136.0	+1
138	189	86.0	+1
1512	411	136.0	+1
901	658	383.0	-1
217	511	236.0	+1
426	600	325.0	-1
1336	258	17.0	+1
543	918	643.0	-1
632	297	22.0	+1
673	357	82.0	+1
480	479	204.0	+1
96	677	402.0	-1
526	499	224.0	+1
1072	62	213.0	+1
659	242	33.0	+1
1257	29	246.0	+1
220	862	587.0	-1
32	550	275.0	-1
1090	451	176.0	+1
1210	155	120.0	+1
414	745	470.0	-1
219	864	589.0	-1
79	885	610.0	-1
811	857	582.0	-1
1500	787	512.0	-1
192	382	107.0	+1
1053	305	30.0	+1
427	468	193.0	+1
1358	660	385.0	-1
135	59	216.0	+1
1039	204	71.0	+1
553	290	15.0	+1
787	834	559.0	-1
859	473	198.0	+1
599	72	203.0	+1
469	482	207.0	+1
1135	796	521.0	-1
1247	346	71.0	+1
1220	750	475.0	-1
409	798	523.0	-1
104	344	69.0	+1
1303	842	567.0	-1
478	899	624.0	-1
129	389	114.0	+1
54	149	126.0	+1
845	174	101.0	+1
1570	637	362.0	-1
656	82	193.0	+1
1445	812	537.0	-1
387	537	262.0	-1
1437	844	569.0	-1
359	658	383.0	-1
79	2	273.0	-1
132	943	668.0	-1
882	739	464.0	-1
40	648	373.0	-1
1250	77	198.0	+1
1588	125	150.0	+1
1405	554	279.0	-1
208	396	121.0	+1
401	301	26.0	+1
1019	241	34.0	+1
1563	109	166.0	+1
570	441	166.0	+1
62	760	485.0	-1
1416	301	26.0	+1
1470	19	256.0	-1
1130	538	263.0	-1
1414	478	203.0	+1
72	144	131.0	+1
1070	350	75.0	+1
861	48	227.0	+1
1112	793	518.0	-1
840	592	317.0	-1
80	138	137.0	+1
156	480	205.0	+1
656	687	412.0	-1
216	940	665.0	-1
1450	40	235.0	+1
364	446	171.0	+1
801	617	342.0	-1
1324	460	185.0	+1
139	281	6.0	+1
845	712	437.0	-1
1460	622	347.0	-1
407	267	8.0	+1
1053	397	122.0	+1
368	673	398.0	-1
19	106	169.0	+1
285	592	317.0	-1
1252	331	56.0	+1
921	537	262.0	-1
1088	933	658.0	-1
671	816	541.0	-1
71	908	633.0	-1
887	267	8.0	+1
68	315	40.0	+1
1168	512	237.0	+1
969	781	506.0	-1
685	97	178.0	+1
686	124	151.0	+1
1127	502	227.0	+1
753	905	630.0	-1
942	182	93.0	+1
149	701	426.0	-1
962	273	2.0	+1
490	347	72.0	+1
1540	82	193.0	+1
1428	20	255.0	-1
1186	87	188.0	+1
1165	515	240.0	+1
535	854	579.0	-1
954	725	450.0	-1
1540	949	674.0	-1
1089	332	57.0	+1
1101	262	13.0	+1
1207	814	539.0	-1
748	730	455.0	-1
937	352	77.0	+1
1437	139	136.0	+1
134	766	491.0	-1
457	753	478.0	-1
304	499	224.0	+1
1423	180	95.0	+1
217	213	62.0	+1
784	318	43.0	+1
1067	501	226.0	+1
1075	735	460.0	-1
994	326	51.0	+1
382	13	262.0	-1
560	890	615.0	-1
833	804	529.0	-1
196	12	263.0	-1
1136	490	215.0	+1
1024	541	266.0	-1
1442	829	554.0	-1
166	333	58.0	+1
1597	942	667.0	-1
72	540	265.0	-1
1094	460	185.0	+1
73	885	610.0	-1
111	423	148.0	+1
17	674	399.0	-1
929	848	573.0	-1
428	406	131.0	+1
1553	672	397.0	-1
298	394	119.0	+1
1179	502	227.0	+1
792	615	340.0	-1
896	220	55.0	+1
85	483	208.0	+1
1384	547	272.0	-1
813	241	34.0	+1
294	81	194.0	+1
575	898	623.0	-1
592	251	24.0	+1
450	755	480.0	-1
1398	892	617.0	-1
1062	627	352.0	-1
709	777	502.0	-1
1370	284	9.0	+1
1357	762	487.0	-1
620	147	128.0	+1
320	927	652.0	-1
1322	387	112.0	+1
504	502	227.0	+1
265	648	373.0	-1
896	785	510.0	-1
1139	853	578.0	-1
1351	773	498.0	-1
1536	641	366.0	-1
1127	506	231.0	+1
1116	478	203.0	+1
1380	541	266.0	-1
581	581	306.0	-1
1013	181	94.0	+1
279	114	161.0	+1
225	7	268.0	-1
1182	602	327.0	-1
906	624	349.0	-1
426	838	563.0	-1
810	724	449.0	-1
594	31	244.0	+1
1040	686	411.0	-1
130	46	229.0	+1
624	634	359.0	-1
968	231	44.0	+1
1184	346	71.0	+1
1129	351	76.0	+1
372	540	265.0	-1
6	12	263.0	-1
1273	175	100.0	+1
139	359	84.0	+1
352	640	365.0	-1
1529	284	9.0	+1
1291	303	28.0	+1
1288	54	221.0	+1
486	500	225.0	+1
1222	745	470.0	-1
1584	252	23.0	+1
630	456	181.0	+1
1534	583	308.0	-1
327	61	214.0	+1
698	83	192.0	+1
519	267	8.0	+1
1096	13	262.0	-1
1147	246	29.0	+1
464	400	125.0	+1
1550	296	21.0	+1
1293	214	61.0	+1
1453	229	46.0	+1
33	503	228.0	+1
1373	365	90.0	+1
1238	513	238.0	+1
1246	661	386.0	-1
536	416	141.0	+1
577	796	521.0	-1
1144	812	537.0	-1
268	934	659.0	-1
1275	772	497.0	-1
687	485	210.0	+1
1267	811	536.0	-1
334	104	171.0	+1
463	797	522.0	-1
715	794	519.0	-1
713	810	535.0	-1
354	153	122.0	+1
43	761	486.0	-1
475	916	641.0	-1
768	400	125.0	+1
549	240	35.0	+1
1535	465	190.0	+1
1153	232	43.0	+1
986	82	193.0	+1
616	318	43.0	+1
70	745	470.0	-1
1094	850	575.0	-1
1544	68	207.0	+1
1354	249	26.0	+1
70	20	255.0	-1
1541	424	149.0	+1
1094	934	659.0	-1
1209	132	143.0	+1
391	763	488.0	-1
662	322	47.0	+1
1498	824	549.0	-1
46	260	15.0	+1
1100	886	611.0	-1
632	123	152.0	+1
245	759	484.0	-1
530	44	231.0	+1
524	60	215.0	+1
1068	828	553.0	-1
817	469	194.0	+1
2	593	318.0	-1
1284	458	183.0	+1
1048	586	311.0	-1
798	15	260.0	-1
745	668	393.0	-1
574	139	136.0	+1
538	385	110.0	+1
645	687	412.0	-1
1328	703	428.0	-1
339	776	501.0	-1
1116	843	568.0	-1
475	711	436.0	-1
233	705	430.0	-1
689	785	510.0	-1
221	671	396.0	-1
603	887	612.0	-1
1335	624	349.0	-1
808	812	537.0	-1
326	873	598.0	-1
1340	786	511.0	-1
698	930	655.0	-1
939	760	485.0	-1
1580	928	653.0	-1
1344	850	575.0	-1
424	826	551.0	-1
289	851	576.0	-1
1473	940	665.0	-1
572	575	300.0	-1
1153	763	488.0	-1
1422	786	511.0	-1
1463	778	503.0	-1
1395	1	274.0	-1
944	634	359.0	-1
1513	849	574.0	-1
582	560	285.0	-1
704	772	497.0	-1
100	792	517.0	-1
297	15	260.0	-1
1486	526	251.0	-1
684	537	262.0	-1
205	730	455.0	-1
885	584	309.0	-1
646	585	310.0	-1
668	537	262.0	-1
1372	762	487.0	-1
1243	660	385.0	-1
819	790	515.0	-1
1509	581	306.0	-1
225	867	592.0	-1
1578	920	645.0	-1
220	664	389.0	-1
1552	728	453.0	-1
142	946	671.0	-1
924	713	438.0	-1
1482	752	477.0	-1
1184	582	307.0	-1
821	868	593.0	-1
689	555	280.0	-1
691	596	321.0	-1
406	753	478.0	-1
1423	626	351.0	-1
1271	699	424.0	-1
973	760	485.0	-1
819	869	594.0	-1
476	902	627.0	-1
621	770	495.0	-1
877	875	600.0	-1
749	705	430.0	-1
1565	819	544.0	-1
985	696	421.0	-1
344	878	603.0	-1
236	792	517.0	-1
1129	675	400.0	-1
1079	835	560.0	-1
44	715	440.0	-1
1306	883	608.0	-1
598	689	414.0	-1
135	643	368.0	-1
1045	662	387.0	-1
1400	747	472.0	-1
1045	787	512.0	-1
1599	788	513.0	-1
718	631	356.0	-1
131	571	296.0	-1
688	754	479.0	-1
291	740	465.0	-1
1287	854	579.0	-1
1109	543	268.0	-1
1323	910	635.0	-1
650	934	659.0	-1
979	21	254.0	-1
965	918	643.0	-1
1227	776	501.0	-1
6	832	557.0	-1
1352	726	451.0	-1
509	677	402.0	-1
1133	848	573.0	-1
701	569	294.0	-1
327	905	630.0	-1
1518	604	329.0	-1
911	549	274.0	-1
641	938	663.0	-1
900	912	637.0	-1
112	536	261.0	-1
180	602	327.0	-1
1277	706	431.0	-1
1217	689	414.0	-1
811	942	667.0	-1
538	562	287.0	-1
247	830	555.0	-1
1488	806	531.0	-1
352	697	422.0	-1
442	542	267.0	-1
195	706	431.0	-1
1039	935	660.0	-1
1065	621	346.0	-1
1166	907	632.0	-1
1469	628	353.0	-1
531	740	465.0	-1
249	662	387.0	-1
1289	932	657.0	-1
247	623	348.0	-1
692	777	502.0	-1
800	750	475.0	-1
1133	721	446.0	-1
126	771	496.0	-1
438	786	511.0	-1
1165	13	262.0	-1
